# unix_time, cycles_done, cur_path, paths_total, pending_total, pending_favs, map_size, unique_crashes, unique_hangs, max_depth, execs_per_sec
1629010313, 0, 0, 1, 1, 1, 0.01%, 0, 0, 1, 0.20
1629010318, 0, 0, 9, 9, 1, 0.02%, 0, 0, 2, 58.36
1629010323, 0, 0, 15, 15, 1, 0.02%, 0, 0, 2, 68.80
1629010334, 0, 0, 18, 18, 1, 0.02%, 0, 0, 2, 73.58
1629010344, 0, 0, 19, 19, 1, 0.02%, 0, 0, 2, 77.64
1629010349, 0, 0, 24, 24, 1, 0.02%, 0, 0, 2, 68.00
1629010354, 0, 0, 26, 26, 1, 0.02%, 0, 0, 2, 71.81
1629010380, 0, 0, 28, 28, 1, 0.02%, 0, 0, 2, 67.51
1629010385, 0, 0, 32, 32, 1, 0.02%, 0, 0, 2, 65.51
1629010406, 0, 0, 33, 33, 1, 0.02%, 0, 0, 2, 60.24
1629010411, 0, 0, 34, 34, 1, 0.02%, 0, 0, 2, 60.07
1629010416, 0, 0, 35, 35, 1, 0.02%, 0, 0, 2, 58.71
1629010421, 0, 0, 36, 36, 1, 0.02%, 0, 0, 2, 59.42
1629010426, 0, 0, 40, 40, 1, 0.02%, 0, 0, 2, 88.37
1629010431, 0, 0, 49, 49, 1, 0.02%, 0, 0, 2, 64.70
1629010441, 0, 0, 50, 50, 1, 0.02%, 0, 0, 2, 54.26
1629010446, 0, 0, 51, 51, 1, 0.02%, 0, 0, 2, 60.45
1629010451, 0, 0, 54, 54, 1, 0.02%, 0, 0, 2, 61.78
1629010472, 0, 0, 55, 55, 1, 0.02%, 0, 0, 2, 62.20
1629010477, 0, 0, 56, 56, 1, 0.02%, 0, 0, 2, 62.10
1629010482, 0, 0, 57, 57, 1, 0.02%, 0, 0, 2, 62.15
1629010492, 0, 0, 58, 58, 1, 0.02%, 0, 0, 2, 62.13
1629010522, 0, 0, 59, 59, 1, 0.02%, 0, 0, 2, 62.41
1629010562, 0, 0, 60, 60, 1, 0.02%, 0, 0, 2, 62.31
1629010578, 0, 0, 61, 61, 1, 0.02%, 0, 0, 2, 59.48
1629010583, 0, 0, 62, 62, 1, 0.02%, 0, 0, 2, 58.93
1629010598, 0, 0, 63, 63, 1, 0.02%, 0, 0, 2, 59.27
1629010613, 0, 0, 64, 64, 1, 0.02%, 0, 0, 2, 67.15
1629010690, 0, 0, 67, 67, 1, 0.02%, 0, 0, 2, 70.56
1629010695, 0, 0, 69, 69, 1, 0.02%, 0, 0, 2, 57.98
1629010822, 0, 0, 75, 75, 1, 0.02%, 0, 0, 2, 78.89
1629010827, 0, 0, 80, 80, 1, 0.02%, 0, 0, 2, 64.37
1629010832, 0, 0, 84, 84, 1, 0.02%, 0, 0, 2, 58.01
1629010837, 0, 0, 85, 85, 1, 0.02%, 0, 0, 2, 53.25
1629010868, 0, 0, 86, 86, 1, 0.02%, 0, 0, 2, 60.80
1629010889, 0, 0, 89, 89, 1, 0.02%, 0, 0, 2, 62.41
1629010894, 0, 0, 90, 90, 1, 0.02%, 0, 0, 2, 62.56
1629010919, 0, 0, 91, 91, 1, 0.02%, 0, 0, 2, 62.25
1629010930, 0, 0, 92, 92, 1, 0.02%, 0, 0, 2, 62.18
1629010935, 0, 0, 93, 93, 1, 0.02%, 0, 0, 2, 62.08
1629011046, 0, 0, 94, 94, 1, 0.02%, 0, 0, 2, 62.18
1629011052, 0, 0, 95, 95, 1, 0.02%, 0, 0, 2, 62.24
1629011154, 0, 0, 96, 96, 1, 0.02%, 0, 0, 2, 62.19
1629011256, 0, 0, 97, 97, 1, 0.02%, 0, 0, 2, 62.56
1629011450, 0, 0, 99, 99, 1, 0.02%, 0, 0, 2, 70.75
1629011485, 0, 0, 100, 100, 1, 0.02%, 0, 0, 2, 52.06
1629011491, 0, 0, 105, 105, 1, 0.02%, 0, 0, 2, 50.45
1629011496, 0, 0, 109, 109, 1, 0.02%, 0, 0, 2, 49.81
1629011501, 0, 0, 114, 114, 1, 0.02%, 0, 0, 2, 50.06
1629011506, 0, 0, 120, 120, 1, 0.02%, 0, 0, 2, 51.00
1629011511, 0, 0, 122, 122, 1, 0.02%, 0, 0, 2, 50.49
1629011516, 0, 0, 126, 126, 1, 0.03%, 0, 0, 2, 56.11
1629011521, 0, 0, 129, 129, 1, 0.03%, 0, 0, 2, 59.01
1629011526, 0, 0, 132, 132, 1, 0.03%, 0, 0, 2, 60.13
1629011531, 0, 0, 134, 134, 1, 0.03%, 0, 0, 2, 55.22
1629011536, 0, 0, 135, 135, 1, 0.03%, 0, 0, 2, 52.56
1629014888, 0, 0, 136, 136, 1, 0.03%, 0, 0, 2, 62.05
1629016298, 0, 0, 138, 138, 1, 0.03%, 0, 0, 2, 55.99
1629016303, 0, 0, 139, 139, 1, 0.03%, 0, 0, 2, 51.53
1629016349, 0, 0, 141, 141, 1, 0.03%, 0, 0, 2, 64.49
1629016354, 0, 0, 146, 146, 1, 0.03%, 0, 0, 2, 69.85
1629016360, 0, 0, 148, 148, 1, 0.03%, 0, 0, 2, 67.91
1629016365, 0, 0, 151, 151, 1, 0.03%, 0, 0, 2, 68.50
1629016370, 0, 0, 153, 153, 1, 0.03%, 0, 0, 2, 72.97
1629016375, 0, 0, 156, 156, 1, 0.03%, 0, 0, 2, 69.68
1629016385, 0, 0, 158, 158, 1, 0.03%, 0, 0, 2, 70.02
1629016396, 0, 0, 160, 160, 1, 0.03%, 0, 0, 2, 74.41
1629016401, 0, 0, 160, 160, 1, 0.03%, 1, 0, 2, 71.11
1629016406, 0, 0, 163, 163, 1, 0.03%, 1, 0, 2, 71.01
1629016432, 0, 0, 164, 164, 1, 0.03%, 1, 0, 2, 71.13
1629016437, 0, 0, 165, 165, 1, 0.03%, 1, 0, 2, 70.25
1629016442, 0, 0, 166, 166, 1, 0.03%, 1, 0, 2, 71.53
1629016447, 0, 0, 168, 168, 1, 0.03%, 1, 0, 2, 67.20
1629016478, 0, 0, 169, 169, 1, 0.03%, 1, 0, 2, 73.28
1629016483, 0, 0, 170, 170, 1, 0.03%, 1, 0, 2, 71.34
1629016498, 0, 0, 171, 171, 1, 0.03%, 1, 0, 2, 70.67
1629016508, 0, 0, 173, 173, 1, 0.03%, 1, 0, 2, 73.45
1629016544, 0, 0, 174, 174, 1, 0.03%, 1, 0, 2, 75.07
1629016554, 0, 0, 175, 175, 1, 0.03%, 1, 0, 2, 72.26
1629016606, 0, 0, 176, 176, 1, 0.03%, 1, 0, 2, 71.65
1629016621, 0, 0, 177, 177, 1, 0.03%, 1, 0, 2, 72.72
1629016668, 0, 0, 178, 178, 1, 0.03%, 1, 0, 2, 74.25
1629016678, 0, 0, 179, 179, 1, 0.03%, 1, 0, 2, 72.98
1629016683, 0, 0, 180, 180, 1, 0.03%, 1, 0, 2, 70.90
1629016704, 0, 0, 181, 181, 1, 0.03%, 1, 0, 2, 70.36
1629016750, 0, 0, 182, 182, 1, 0.03%, 1, 0, 2, 71.98
1629016755, 0, 0, 184, 184, 1, 0.03%, 1, 0, 2, 74.89
1629016770, 0, 0, 185, 185, 1, 0.03%, 1, 0, 2, 73.52
1629016811, 0, 0, 186, 186, 1, 0.03%, 1, 0, 2, 71.66
1629016832, 0, 0, 187, 187, 1, 0.03%, 1, 0, 2, 72.01
1629016837, 0, 0, 188, 188, 1, 0.03%, 1, 0, 2, 73.15
1629016899, 0, 0, 189, 189, 1, 0.03%, 1, 0, 2, 70.21
1629016919, 0, 0, 191, 191, 1, 0.03%, 1, 0, 2, 70.82
1629016955, 0, 0, 192, 192, 1, 0.03%, 1, 0, 2, 74.71
1629017032, 0, 0, 193, 193, 1, 0.03%, 1, 0, 2, 73.49
1629017079, 0, 0, 194, 194, 1, 0.03%, 1, 0, 2, 74.16
1629017150, 0, 0, 196, 196, 1, 0.03%, 1, 0, 2, 71.45
1629017176, 0, 0, 198, 198, 1, 0.03%, 1, 0, 2, 72.04
1629017202, 0, 0, 199, 199, 1, 0.03%, 1, 0, 2, 71.57
1629017294, 0, 0, 200, 200, 1, 0.03%, 1, 0, 2, 71.16
1629017330, 0, 0, 202, 202, 1, 0.03%, 1, 0, 2, 72.57
1629017386, 0, 0, 203, 203, 1, 0.03%, 1, 0, 2, 72.34
1629017391, 0, 0, 204, 204, 1, 0.03%, 1, 0, 2, 67.30
1629017463, 0, 4, 204, 203, 48, 0.03%, 1, 0, 2, 71.39
1629017841, 0, 7, 204, 202, 46, 0.03%, 1, 0, 2, 106.01
1629018198, 0, 7, 205, 203, 46, 0.03%, 1, 0, 3, 113.22
1629018229, 0, 8, 205, 202, 45, 0.03%, 1, 0, 3, 118.56
1629018270, 0, 8, 206, 203, 45, 0.03%, 1, 0, 3, 81.91
1629018321, 0, 8, 207, 204, 45, 0.03%, 1, 0, 3, 51.42
1629018346, 0, 8, 208, 205, 45, 0.03%, 1, 0, 3, 62.78
1629018587, 0, 9, 208, 204, 45, 0.03%, 1, 0, 3, 97.11
1629018959, 0, 21, 208, 203, 44, 0.03%, 1, 0, 3, 112.36
1629018969, 0, 21, 209, 204, 44, 0.03%, 1, 0, 3, 63.81
1629019066, 0, 21, 210, 205, 44, 0.03%, 1, 0, 3, 49.63
1629019337, 0, 28, 210, 204, 44, 0.03%, 1, 0, 3, 89.20
1629019694, 0, 28, 210, 204, 44, 0.03%, 2, 0, 3, 128.14
1629019709, 0, 42, 210, 203, 43, 0.03%, 2, 0, 3, 90.77
1629019826, 0, 42, 211, 204, 43, 0.03%, 2, 0, 3, 49.01
1629020086, 0, 49, 211, 203, 40, 0.03%, 2, 0, 3, 108.94
1629020449, 0, 50, 211, 202, 39, 0.03%, 2, 0, 3, 90.14
1629021877, 0, 50, 212, 203, 39, 0.03%, 2, 0, 3, 62.04
1629021882, 0, 50, 213, 204, 39, 0.03%, 2, 0, 3, 62.13
1629021887, 0, 50, 215, 206, 39, 0.03%, 2, 0, 3, 61.94
1629026484, 0, 50, 216, 207, 39, 0.03%, 2, 0, 3, 74.69
1629026509, 0, 50, 217, 208, 39, 0.03%, 2, 0, 3, 72.29
1629026535, 0, 50, 218, 209, 39, 0.03%, 2, 0, 3, 71.62
1629026555, 0, 50, 219, 210, 39, 0.03%, 2, 0, 3, 74.75
1629026648, 0, 50, 220, 211, 39, 0.03%, 2, 0, 3, 70.31
1629026658, 0, 50, 221, 212, 39, 0.03%, 2, 0, 3, 72.06
1629026735, 0, 50, 222, 213, 39, 0.03%, 2, 0, 3, 69.10
1629026853, 0, 50, 223, 214, 39, 0.03%, 2, 0, 3, 74.59
1629027043, 0, 50, 224, 215, 39, 0.03%, 2, 0, 3, 70.72
1629027073, 0, 50, 225, 216, 39, 0.03%, 2, 0, 3, 71.83
1629027238, 0, 50, 226, 217, 39, 0.03%, 2, 0, 3, 70.88
1629027577, 0, 51, 226, 216, 45, 0.03%, 2, 0, 3, 69.11
1629028510, 0, 51, 227, 217, 45, 0.03%, 2, 0, 3, 62.51
1629033635, 0, 59, 227, 216, 44, 0.03%, 2, 0, 3, 63.24
1629034822, 0, 59, 228, 217, 44, 0.03%, 2, 0, 3, 48.63
1629034914, 0, 59, 229, 218, 44, 0.03%, 2, 0, 3, 50.68
1629039947, 0, 59, 230, 219, 44, 0.03%, 2, 0, 3, 67.66
1629039963, 0, 59, 231, 220, 44, 0.03%, 2, 0, 3, 67.10
1629040039, 0, 59, 232, 221, 44, 0.03%, 2, 0, 3, 67.67
1629040167, 0, 59, 233, 222, 44, 0.03%, 2, 0, 3, 65.86
1629040183, 0, 59, 233, 222, 44, 0.03%, 3, 0, 3, 69.05
1629040295, 0, 59, 234, 223, 44, 0.03%, 3, 0, 3, 69.30
1629040413, 0, 59, 235, 224, 44, 0.03%, 3, 0, 3, 71.37
1629040459, 0, 59, 236, 225, 44, 0.03%, 3, 0, 3, 66.77
1629040551, 0, 59, 237, 226, 44, 0.03%, 3, 0, 3, 66.23
1629041104, 0, 59, 238, 227, 44, 0.03%, 3, 0, 3, 68.68
1629041114, 0, 62, 238, 226, 42, 0.03%, 3, 0, 3, 65.23
1629041374, 0, 63, 238, 225, 41, 0.03%, 3, 0, 3, 144.76
1629041563, 0, 66, 238, 224, 40, 0.03%, 3, 0, 3, 122.34
1629041640, 0, 66, 239, 225, 40, 0.03%, 3, 0, 3, 53.25
1629041820, 0, 70, 239, 224, 40, 0.03%, 3, 0, 3, 132.03
1629042066, 0, 70, 240, 225, 40, 0.03%, 3, 0, 3, 52.02
1629042737, 0, 94, 240, 224, 40, 0.03%, 3, 0, 3, 98.44
1629043287, 0, 94, 241, 225, 40, 0.03%, 3, 0, 3, 61.50
1629048796, 0, 95, 241, 224, 40, 0.03%, 3, 0, 3, 72.54
1629049335, 0, 95, 242, 225, 40, 0.03%, 3, 0, 3, 61.93
1629054846, 0, 95, 243, 226, 40, 0.03%, 3, 0, 3, 71.08
1629054892, 0, 96, 243, 225, 40, 0.03%, 3, 0, 3, 67.03
1629054927, 0, 96, 244, 226, 40, 0.03%, 3, 0, 3, 59.59
1629060944, 0, 96, 245, 227, 40, 0.03%, 3, 0, 3, 72.48
1629060986, 0, 97, 245, 226, 40, 0.03%, 3, 0, 3, 74.88
1629061444, 0, 98, 245, 225, 39, 0.03%, 3, 0, 3, 115.00
1629061510, 0, 98, 246, 226, 39, 0.03%, 3, 0, 3, 76.87
1629062012, 0, 105, 246, 225, 39, 0.03%, 3, 0, 3, 138.21
1629062017, 0, 105, 247, 226, 39, 0.03%, 3, 0, 3, 73.65
1629062022, 0, 105, 248, 227, 39, 0.03%, 3, 0, 3, 57.74
1629062027, 0, 105, 249, 228, 39, 0.03%, 3, 0, 3, 85.32
1629062043, 0, 105, 250, 229, 39, 0.03%, 3, 0, 3, 48.64
1629062109, 0, 105, 251, 230, 39, 0.03%, 3, 0, 3, 70.36
1629062170, 0, 105, 252, 231, 39, 0.03%, 3, 0, 3, 49.04
1629062206, 0, 105, 253, 232, 39, 0.03%, 3, 0, 3, 51.79
1629062359, 0, 105, 254, 233, 39, 0.03%, 3, 0, 3, 46.98
1629062364, 0, 105, 255, 234, 39, 0.03%, 3, 0, 3, 40.76
1629062374, 0, 105, 256, 235, 39, 0.03%, 3, 0, 3, 39.65
1629062379, 0, 105, 258, 237, 39, 0.03%, 3, 0, 3, 40.67
1629062390, 0, 105, 259, 238, 39, 0.03%, 3, 0, 3, 42.82
1629062405, 0, 105, 260, 239, 39, 0.03%, 3, 0, 3, 39.65
1629062747, 0, 117, 260, 238, 41, 0.03%, 3, 0, 3, 124.37
1629063719, 0, 125, 260, 237, 41, 0.03%, 3, 0, 3, 91.63
1629064319, 0, 130, 260, 236, 40, 0.03%, 3, 0, 3, 128.24
1629064360, 0, 130, 261, 237, 40, 0.03%, 3, 0, 3, 61.36
1629064452, 0, 130, 262, 238, 40, 0.03%, 3, 0, 3, 63.41
1629064462, 0, 130, 263, 239, 40, 0.03%, 3, 0, 3, 59.02
1629064487, 0, 130, 264, 240, 40, 0.03%, 3, 0, 3, 58.91
1629064523, 0, 130, 265, 241, 40, 0.03%, 3, 0, 3, 59.06
1629064548, 0, 130, 266, 242, 40, 0.03%, 3, 0, 3, 59.02
1629064904, 0, 130, 267, 243, 40, 0.03%, 3, 0, 3, 64.86
1629065830, 0, 130, 268, 244, 40, 0.03%, 3, 0, 3, 54.29
1629070969, 0, 130, 269, 245, 40, 0.03%, 3, 0, 3, 71.05
1629071067, 0, 131, 269, 244, 42, 0.03%, 3, 0, 3, 70.64
1629072365, 0, 131, 270, 245, 42, 0.03%, 3, 0, 3, 49.00
1629077805, 0, 131, 271, 246, 42, 0.03%, 3, 0, 3, 74.69
1629077877, 0, 131, 272, 247, 42, 0.03%, 3, 0, 3, 73.97
1629077928, 0, 131, 273, 248, 42, 0.03%, 3, 0, 3, 74.16
1629078011, 0, 131, 274, 249, 42, 0.03%, 3, 0, 3, 74.58
1629078134, 0, 131, 275, 250, 42, 0.03%, 3, 0, 3, 72.56
1629078185, 0, 131, 276, 251, 42, 0.03%, 3, 0, 3, 71.07
1629078355, 0, 131, 277, 252, 42, 0.03%, 3, 0, 3, 69.33
1629078560, 0, 131, 277, 252, 42, 0.03%, 4, 0, 3, 69.95
1629078616, 0, 133, 277, 251, 42, 0.03%, 4, 0, 3, 65.67
1629079910, 0, 133, 278, 252, 42, 0.04%, 4, 0, 3, 48.79
1629085408, 0, 133, 279, 253, 42, 0.04%, 4, 0, 3, 72.88
1629085495, 0, 133, 280, 254, 42, 0.04%, 4, 0, 3, 73.63
1629085603, 0, 143, 280, 253, 39, 0.04%, 4, 0, 3, 89.93
1629087286, 0, 151, 280, 252, 38, 0.04%, 4, 0, 3, 84.45
1629091311, 0, 160, 280, 251, 37, 0.04%, 4, 0, 3, 68.49
1629095009, 0, 166, 280, 250, 36, 0.04%, 4, 0, 3, 68.65
1629095114, 0, 166, 281, 251, 36, 0.04%, 4, 0, 3, 60.86
