# unix_time, cycles_done, cur_path, paths_total, pending_total, pending_favs, map_size, unique_crashes, unique_hangs, max_depth, execs_per_sec
1637139601, 0, 0, 1, 1, 1, 0.30%, 0, 0, 1, 17.62
1637139606, 0, 0, 19, 19, 1, 0.58%, 0, 0, 2, 434.02
1637139611, 0, 0, 26, 26, 1, 0.62%, 0, 0, 2, 432.63
1637139616, 0, 0, 35, 35, 1, 0.64%, 0, 0, 2, 468.97
1637139621, 0, 0, 54, 54, 1, 0.70%, 0, 0, 2, 460.23
1637139626, 0, 0, 58, 58, 1, 0.70%, 0, 0, 2, 448.52
1637139631, 0, 0, 59, 59, 1, 0.70%, 0, 0, 2, 435.80
1637139636, 0, 0, 60, 60, 1, 0.70%, 0, 0, 2, 426.47
1637139642, 0, 0, 63, 63, 1, 0.70%, 0, 0, 2, 438.98
1637139647, 0, 0, 64, 64, 1, 0.71%, 0, 0, 2, 438.53
1637139657, 0, 0, 69, 69, 1, 0.71%, 0, 0, 2, 447.02
1637139678, 0, 0, 89, 89, 1, 0.72%, 0, 0, 2, 494.04
1637139683, 0, 0, 95, 95, 1, 0.72%, 0, 0, 2, 450.54
1637139688, 0, 0, 96, 96, 1, 0.72%, 0, 0, 2, 433.55
1637139708, 0, 0, 97, 97, 1, 0.73%, 0, 0, 2, 438.60
1637139729, 0, 0, 98, 98, 1, 0.73%, 0, 0, 2, 431.53
1637139765, 0, 0, 100, 100, 1, 0.73%, 0, 0, 2, 842.81
1637139770, 0, 0, 121, 121, 1, 0.79%, 0, 0, 2, 556.58
1637139775, 0, 0, 132, 132, 1, 0.87%, 0, 0, 2, 485.74
1637140448, 0, 0, 135, 135, 1, 0.87%, 0, 0, 2, 449.86
1637140458, 0, 0, 161, 161, 1, 0.87%, 0, 0, 2, 494.17
1637140463, 0, 0, 167, 167, 1, 0.89%, 0, 0, 2, 524.89
1637140468, 0, 0, 173, 173, 1, 0.89%, 0, 0, 2, 524.28
1637140473, 0, 0, 175, 175, 1, 0.89%, 0, 0, 2, 527.65
1637140478, 0, 0, 179, 179, 1, 0.89%, 0, 0, 2, 537.15
1637140483, 0, 0, 182, 182, 1, 0.89%, 0, 0, 2, 541.45
1637140489, 0, 0, 184, 184, 1, 0.89%, 0, 0, 2, 535.51
1637140494, 0, 0, 185, 185, 1, 0.89%, 0, 0, 2, 533.55
1637140499, 0, 0, 186, 186, 1, 0.89%, 0, 0, 2, 531.01
1637140504, 0, 0, 188, 188, 1, 0.89%, 0, 0, 2, 531.35
1637140514, 0, 0, 189, 189, 1, 0.89%, 0, 0, 2, 538.44
1637140519, 0, 4, 191, 190, 47, 0.89%, 0, 0, 2, 564.71
1637140524, 0, 4, 192, 191, 47, 0.90%, 0, 0, 3, 830.51
1637140560, 0, 7, 192, 190, 45, 0.90%, 0, 0, 3, 605.88
1637140565, 0, 7, 193, 191, 45, 0.90%, 0, 0, 3, 655.35
1637140606, 0, 8, 193, 190, 45, 0.90%, 0, 0, 3, 618.96
1637140616, 0, 8, 194, 191, 45, 0.90%, 0, 0, 3, 537.93
1637140646, 0, 21, 195, 191, 44, 0.90%, 0, 0, 3, 575.94
1637140651, 0, 21, 197, 193, 44, 0.90%, 0, 0, 3, 860.31
1637140661, 0, 21, 199, 195, 44, 0.90%, 0, 0, 3, 534.31
1637140687, 0, 29, 199, 194, 44, 0.90%, 0, 0, 3, 604.26
1637140718, 0, 30, 199, 193, 42, 0.90%, 6, 0, 3, 642.65
1637140723, 0, 30, 200, 194, 42, 0.91%, 9, 0, 3, 681.10
1637140759, 0, 30, 200, 194, 42, 0.91%, 10, 0, 3, 541.97
1637140764, 0, 39, 200, 193, 41, 0.91%, 10, 0, 3, 524.37
1637140881, 0, 39, 201, 194, 41, 0.91%, 10, 0, 3, 492.97
1637140912, 0, 39, 202, 195, 41, 0.92%, 10, 0, 3, 528.48
1637141532, 0, 40, 202, 194, 41, 0.92%, 10, 0, 3, 850.00
1637141543, 0, 41, 203, 194, 40, 0.92%, 10, 0, 3, 681.66
1637141584, 0, 42, 203, 193, 39, 0.92%, 10, 0, 3, 571.65
1637141589, 0, 42, 204, 194, 39, 0.92%, 10, 0, 3, 912.53
1637141599, 0, 42, 205, 195, 39, 0.92%, 10, 0, 3, 546.98
1637141624, 0, 44, 205, 194, 38, 0.92%, 10, 0, 3, 578.26
1637141640, 0, 44, 206, 195, 38, 0.92%, 10, 0, 3, 531.68
1637141665, 0, 47, 206, 194, 37, 0.92%, 10, 0, 3, 598.05
1637141671, 0, 47, 209, 197, 37, 0.93%, 10, 0, 3, 578.57
1637141681, 0, 47, 211, 199, 37, 0.93%, 10, 0, 3, 539.87
1637141686, 0, 47, 213, 201, 37, 0.93%, 10, 0, 3, 493.34
1637141706, 0, 47, 214, 202, 37, 0.93%, 10, 0, 3, 469.43
1637141712, 0, 49, 214, 201, 38, 0.93%, 10, 0, 3, 576.65
1637141753, 0, 50, 215, 201, 36, 0.93%, 10, 0, 3, 578.21
1637141773, 0, 50, 216, 202, 36, 0.93%, 10, 0, 3, 449.29
1637141947, 0, 50, 217, 203, 36, 0.94%, 10, 0, 3, 452.40
1637141953, 0, 50, 220, 206, 36, 0.96%, 10, 0, 3, 446.58
1637142615, 0, 51, 220, 205, 39, 0.96%, 10, 0, 3, 455.58
1637142636, 0, 51, 221, 206, 39, 0.96%, 10, 0, 3, 425.37
1637143476, 0, 56, 221, 205, 39, 0.96%, 10, 0, 3, 459.89
1637143502, 0, 56, 222, 206, 39, 0.96%, 10, 0, 3, 436.45
1637144321, 0, 59, 222, 205, 39, 0.96%, 10, 0, 3, 486.96
1637144367, 0, 59, 223, 206, 39, 0.96%, 10, 0, 3, 436.79
1637145165, 0, 61, 223, 205, 39, 0.96%, 10, 0, 3, 496.65
1637145940, 0, 62, 223, 204, 38, 0.96%, 10, 0, 3, 677.46
1637145970, 0, 63, 223, 203, 37, 0.96%, 10, 0, 3, 590.96
1637146001, 0, 75, 223, 202, 36, 0.96%, 10, 0, 3, 577.62
1637146016, 0, 75, 225, 204, 36, 0.96%, 10, 0, 3, 543.28
1637146037, 0, 75, 226, 205, 36, 0.96%, 10, 0, 3, 532.14
1637146042, 0, 75, 229, 208, 36, 0.96%, 10, 0, 3, 748.61
1637146047, 0, 75, 233, 212, 36, 0.96%, 10, 0, 3, 879.66
1637146077, 0, 90, 233, 211, 36, 0.96%, 10, 0, 3, 695.50
1637146159, 0, 90, 234, 212, 36, 0.96%, 10, 0, 3, 435.05
1637146906, 0, 96, 234, 211, 36, 0.96%, 10, 0, 3, 478.22
1637146987, 0, 96, 235, 212, 36, 0.96%, 10, 0, 3, 444.84
1637147038, 0, 96, 236, 213, 36, 0.96%, 10, 0, 3, 439.57
1637147754, 0, 99, 236, 212, 36, 0.96%, 10, 0, 3, 513.40
1637147821, 0, 104, 239, 214, 35, 0.96%, 10, 0, 3, 510.33
1637147831, 0, 104, 240, 215, 35, 0.96%, 10, 0, 3, 525.17
1637147841, 0, 104, 241, 216, 35, 0.96%, 10, 0, 3, 550.33
1637147861, 0, 104, 247, 222, 35, 1.01%, 10, 0, 3, 356.36
1637147866, 0, 104, 248, 223, 35, 1.02%, 10, 0, 3, 420.80
1637147902, 0, 128, 249, 223, 38, 1.02%, 10, 0, 3, 563.17
1637147907, 0, 128, 250, 224, 38, 1.02%, 10, 0, 3, 462.38
1637147922, 0, 128, 252, 226, 38, 1.03%, 10, 0, 3, 442.89
1637147932, 0, 128, 254, 228, 38, 1.03%, 10, 0, 3, 431.39
1637148080, 0, 128, 255, 229, 38, 1.03%, 10, 0, 3, 534.82
1637148116, 0, 128, 256, 230, 38, 1.03%, 10, 0, 3, 447.00
1637148822, 0, 128, 257, 231, 38, 1.03%, 10, 0, 3, 525.03
1637148827, 0, 130, 257, 230, 39, 1.03%, 10, 0, 3, 465.97
1637148903, 0, 130, 258, 231, 39, 1.03%, 10, 0, 3, 490.71
1637149000, 0, 130, 259, 232, 39, 1.12%, 10, 0, 3, 638.60
1637149755, 0, 133, 259, 231, 37, 1.12%, 10, 0, 3, 494.48
1637150550, 0, 133, 260, 232, 37, 1.12%, 10, 0, 3, 579.90
1637150555, 0, 136, 260, 231, 36, 1.12%, 10, 0, 3, 499.24
1637151055, 0, 149, 260, 230, 35, 1.12%, 10, 0, 3, 507.63
1637151565, 0, 155, 260, 229, 34, 1.12%, 10, 0, 3, 552.72
1637151667, 0, 161, 265, 233, 32, 1.13%, 10, 0, 3, 585.34
1637151672, 0, 161, 266, 234, 32, 1.13%, 10, 0, 3, 648.32
1637151687, 0, 161, 267, 235, 32, 1.13%, 10, 0, 3, 468.12
1637151712, 0, 167, 267, 234, 32, 1.13%, 10, 0, 3, 534.75
1637151722, 0, 167, 268, 235, 32, 1.13%, 10, 0, 3, 454.72
1637152565, 0, 191, 268, 234, 32, 1.13%, 10, 0, 3, 512.62
1637152616, 0, 192, 268, 233, 31, 1.13%, 11, 0, 3, 555.13
1637152652, 0, 192, 269, 234, 31, 1.14%, 11, 0, 4, 326.37
1637152663, 0, 194, 269, 233, 31, 1.14%, 11, 0, 4, 587.20
1637152704, 0, 195, 269, 232, 30, 1.14%, 11, 0, 4, 593.63
1637152719, 0, 195, 270, 233, 30, 1.14%, 11, 0, 4, 531.04
1637152744, 0, 199, 270, 232, 29, 1.14%, 11, 0, 4, 561.27
1637152795, 0, 200, 270, 231, 28, 1.14%, 11, 0, 4, 458.79
1637153568, 0, 200, 272, 233, 28, 1.14%, 11, 0, 4, 565.89
1637153573, 0, 201, 272, 232, 27, 1.14%, 11, 0, 4, 522.17
1637154404, 0, 202, 273, 232, 26, 1.14%, 11, 0, 4, 539.76
1637154445, 0, 202, 275, 234, 26, 1.14%, 11, 0, 4, 660.56
1637154450, 0, 203, 275, 233, 26, 1.14%, 11, 0, 4, 695.87
1637154491, 0, 204, 275, 232, 25, 1.14%, 11, 0, 4, 628.80
1637154511, 0, 204, 276, 233, 25, 1.14%, 11, 0, 4, 567.90
1637154572, 0, 205, 277, 233, 24, 1.14%, 11, 0, 4, 552.82
1637154608, 0, 205, 278, 234, 24, 1.14%, 11, 0, 4, 678.99
1637154742, 0, 208, 279, 234, 24, 1.14%, 12, 0, 4, 540.64
1637154747, 0, 208, 281, 236, 24, 1.14%, 12, 0, 4, 743.95
1637154787, 0, 212, 281, 235, 24, 1.14%, 12, 0, 4, 507.27
1637154833, 0, 212, 282, 236, 24, 1.14%, 12, 0, 4, 371.27
1637154879, 0, 214, 282, 235, 23, 1.14%, 12, 0, 4, 492.94
1637154975, 0, 216, 282, 234, 22, 1.14%, 12, 0, 4, 474.46
1637154980, 0, 216, 283, 235, 22, 1.14%, 12, 0, 4, 435.64
1637155851, 0, 216, 284, 236, 22, 1.14%, 12, 0, 4, 452.29
1637155856, 0, 218, 284, 235, 22, 1.14%, 12, 0, 4, 485.09
1637156768, 0, 219, 285, 235, 22, 1.15%, 12, 0, 4, 509.37
1637157697, 0, 220, 286, 235, 22, 1.15%, 12, 0, 4, 496.92
1637157723, 0, 220, 287, 236, 22, 1.15%, 12, 0, 4, 440.30
1637158564, 0, 220, 288, 237, 22, 1.15%, 12, 0, 4, 519.69
1637158569, 0, 221, 288, 236, 22, 1.15%, 12, 0, 4, 465.27
1637158595, 0, 221, 289, 237, 22, 1.15%, 12, 0, 4, 434.48
1637158640, 0, 221, 290, 238, 22, 1.15%, 12, 0, 4, 449.07
1637159408, 0, 222, 291, 238, 22, 1.15%, 12, 0, 4, 496.46
1637159453, 0, 222, 292, 239, 22, 1.15%, 12, 0, 4, 444.47
1637159489, 0, 222, 293, 240, 22, 1.15%, 12, 0, 4, 449.52
1637160266, 0, 233, 293, 239, 22, 1.15%, 12, 0, 4, 450.63
1637160378, 0, 233, 294, 240, 22, 1.15%, 12, 0, 4, 441.48
1637161099, 0, 234, 294, 239, 22, 1.15%, 12, 0, 4, 477.26
1637161170, 0, 234, 295, 240, 22, 1.15%, 12, 0, 4, 494.78
1637161949, 0, 235, 295, 239, 22, 1.15%, 12, 0, 4, 461.22
1637161954, 0, 235, 302, 246, 22, 1.15%, 12, 0, 4, 440.77
1637161964, 0, 235, 303, 247, 22, 1.16%, 12, 0, 4, 462.76
1637161979, 0, 235, 305, 249, 22, 1.16%, 12, 0, 4, 429.20
1637162086, 0, 235, 306, 250, 22, 1.16%, 12, 0, 4, 437.20
1637162620, 0, 235, 307, 251, 22, 1.16%, 12, 0, 4, 439.41
1637162625, 0, 235, 308, 252, 22, 1.16%, 12, 0, 4, 439.74
1637162813, 0, 235, 310, 254, 22, 1.16%, 12, 0, 4, 503.29
1637162818, 0, 235, 311, 255, 22, 1.16%, 12, 0, 4, 527.36
1637162823, 0, 235, 313, 257, 22, 1.16%, 12, 0, 4, 540.80
1637162838, 0, 235, 314, 258, 22, 1.16%, 12, 0, 4, 535.55
1637162849, 0, 235, 317, 261, 22, 1.16%, 12, 0, 4, 576.23
1637162874, 0, 241, 317, 260, 25, 1.16%, 12, 0, 4, 452.38
1637162986, 0, 242, 317, 259, 24, 1.16%, 12, 0, 4, 421.81
1637163103, 0, 243, 317, 258, 23, 1.16%, 12, 0, 4, 411.61
1637163108, 0, 243, 320, 261, 23, 1.18%, 12, 0, 4, 400.97
1637163113, 0, 243, 321, 262, 23, 1.18%, 12, 0, 4, 378.05
1637163119, 0, 243, 322, 263, 23, 1.18%, 12, 0, 4, 387.60
1637163124, 0, 243, 324, 265, 23, 1.18%, 12, 0, 4, 492.62
1637163139, 0, 243, 326, 267, 23, 1.18%, 12, 0, 4, 775.06
1637163220, 0, 243, 328, 269, 23, 1.19%, 12, 0, 4, 307.05
1637163225, 0, 243, 331, 272, 23, 1.19%, 12, 0, 4, 418.38
1637163261, 0, 250, 331, 271, 27, 1.19%, 12, 0, 4, 547.11
1637163342, 0, 258, 331, 270, 24, 1.19%, 12, 0, 4, 498.93
1637163444, 0, 258, 332, 271, 24, 1.19%, 12, 0, 4, 312.73
1637163572, 0, 258, 333, 272, 24, 1.19%, 12, 0, 4, 344.19
1637164402, 0, 264, 333, 271, 24, 1.19%, 12, 0, 4, 443.33
1637164447, 0, 265, 333, 270, 23, 1.19%, 12, 0, 4, 560.63
1637164493, 0, 267, 334, 270, 22, 1.19%, 12, 0, 4, 620.53
1637165350, 0, 267, 336, 272, 22, 1.19%, 12, 0, 4, 492.94
1637165356, 0, 267, 337, 273, 22, 1.19%, 12, 0, 4, 540.27
1637165366, 0, 268, 337, 272, 21, 1.19%, 12, 0, 4, 439.27
1637165503, 0, 273, 337, 271, 20, 1.19%, 13, 0, 4, 599.99
1637165565, 0, 276, 337, 270, 19, 1.19%, 13, 0, 4, 678.53
1637165733, 0, 280, 337, 269, 18, 1.19%, 13, 0, 4, 615.37
1637165754, 0, 280, 338, 270, 18, 1.19%, 13, 0, 5, 477.40
1637165779, 0, 280, 339, 271, 18, 1.19%, 13, 0, 5, 704.80
1637165784, 0, 282, 339, 270, 17, 1.19%, 13, 0, 5, 588.82
1637166581, 0, 282, 340, 271, 17, 1.19%, 13, 0, 5, 541.07
1637166586, 0, 284, 340, 270, 17, 1.19%, 13, 0, 5, 483.45
1637167474, 0, 284, 341, 271, 17, 1.19%, 13, 0, 5, 463.28
1637167484, 0, 285, 341, 270, 17, 1.19%, 13, 0, 5, 457.01
1637168436, 0, 285, 342, 271, 17, 1.19%, 13, 0, 5, 513.48
1637168441, 0, 286, 342, 270, 16, 1.19%, 13, 0, 5, 480.03
1637169305, 0, 289, 342, 269, 15, 1.19%, 13, 0, 5, 495.31
1637169372, 0, 289, 343, 270, 15, 1.19%, 13, 0, 5, 456.05
1637170139, 0, 291, 343, 269, 14, 1.19%, 13, 0, 5, 483.58
1637170185, 0, 291, 344, 270, 14, 1.19%, 13, 0, 5, 444.20
1637170998, 0, 291, 345, 271, 14, 1.19%, 13, 0, 5, 503.00
1637171003, 0, 293, 345, 270, 13, 1.19%, 13, 0, 5, 492.11
1637171130, 0, 293, 346, 271, 13, 1.19%, 13, 0, 5, 428.39
1637171835, 0, 294, 346, 270, 12, 1.19%, 13, 0, 5, 492.18
1637171988, 0, 294, 347, 271, 12, 1.19%, 13, 0, 5, 416.54
1637172700, 0, 296, 347, 270, 11, 1.19%, 13, 0, 5, 495.62
1637172705, 0, 296, 348, 271, 11, 1.19%, 13, 0, 5, 448.90
1637173556, 0, 296, 349, 272, 11, 1.19%, 13, 0, 5, 503.88
1637173561, 0, 302, 349, 271, 11, 1.19%, 13, 0, 5, 517.61
1637173592, 0, 302, 350, 272, 11, 1.19%, 13, 0, 5, 430.48
1637174421, 0, 302, 352, 274, 11, 1.19%, 13, 0, 5, 516.23
1637174436, 0, 305, 352, 273, 11, 1.19%, 13, 0, 5, 463.24
1637175285, 0, 314, 352, 272, 10, 1.19%, 13, 0, 5, 476.07
1637175305, 0, 314, 355, 275, 10, 1.20%, 13, 0, 5, 434.21
1637175366, 0, 314, 357, 277, 10, 1.20%, 13, 0, 5, 438.22
1637175641, 0, 314, 358, 278, 10, 1.20%, 13, 0, 5, 429.21
1637175762, 0, 318, 358, 277, 13, 1.20%, 13, 0, 5, 453.92
1637175772, 0, 318, 359, 278, 13, 1.21%, 13, 0, 5, 352.22
1637175884, 0, 318, 360, 279, 13, 1.21%, 13, 0, 5, 461.87
1637175915, 0, 321, 360, 278, 13, 1.21%, 13, 0, 5, 493.50
1637176057, 0, 324, 360, 277, 11, 1.21%, 13, 0, 5, 442.42
1637176068, 0, 324, 361, 278, 11, 1.22%, 13, 0, 5, 344.52
1637176210, 0, 327, 361, 277, 12, 1.22%, 13, 0, 5, 491.15
1637176399, 0, 332, 361, 276, 11, 1.22%, 13, 0, 5, 444.83
1637177544, 0, 339, 361, 275, 10, 1.22%, 13, 0, 5, 460.52
1637178017, 0, 339, 362, 276, 10, 1.22%, 13, 0, 6, 541.92
1637178022, 0, 339, 363, 277, 10, 1.22%, 13, 0, 6, 611.15
1637178032, 0, 340, 363, 276, 10, 1.22%, 13, 0, 6, 503.90
1637178535, 0, 340, 364, 277, 10, 1.22%, 13, 0, 6, 497.66
1637178545, 0, 347, 364, 276, 9, 1.22%, 13, 0, 6, 467.92
1637179399, 0, 347, 365, 277, 9, 1.22%, 13, 0, 6, 519.47
1637179405, 0, 350, 365, 276, 8, 1.22%, 13, 0, 6, 509.36
1637179837, 0, 350, 367, 278, 8, 1.22%, 13, 0, 6, 595.02
1637179847, 0, 352, 367, 277, 7, 1.22%, 13, 0, 6, 529.54
1637179868, 0, 352, 368, 278, 7, 1.22%, 13, 0, 6, 455.32
1637179908, 0, 352, 369, 279, 7, 1.22%, 13, 0, 6, 445.27
1637180065, 0, 352, 370, 280, 7, 1.22%, 13, 0, 6, 429.09
1637180320, 0, 352, 371, 281, 7, 1.22%, 13, 0, 6, 573.46
1637180325, 0, 353, 371, 280, 7, 1.22%, 13, 0, 6, 490.99
1637180799, 0, 353, 372, 281, 7, 1.22%, 13, 0, 6, 589.65
1637180804, 0, 353, 374, 283, 7, 1.22%, 13, 0, 6, 590.25
1637180814, 0, 353, 376, 285, 7, 1.22%, 13, 0, 6, 616.91
1637180824, 0, 353, 377, 286, 7, 1.22%, 13, 0, 6, 596.26
1637180850, 0, 358, 377, 285, 7, 1.22%, 13, 0, 6, 567.32
1637181007, 0, 360, 377, 284, 6, 1.22%, 13, 0, 6, 522.58
1637181165, 0, 361, 377, 283, 5, 1.22%, 13, 0, 6, 535.14
1637181614, 0, 361, 378, 284, 5, 1.22%, 13, 0, 7, 574.97
1637181619, 0, 367, 378, 283, 5, 1.22%, 13, 0, 7, 528.31
1637182096, 0, 367, 379, 284, 5, 1.22%, 13, 0, 7, 498.90
1637182106, 0, 370, 379, 283, 4, 1.22%, 13, 0, 7, 533.35
1637182198, 0, 370, 380, 284, 4, 1.22%, 13, 0, 7, 517.44
1637182331, 0, 370, 381, 285, 4, 1.22%, 13, 0, 7, 631.35
1637182336, 0, 372, 385, 288, 4, 1.22%, 13, 0, 7, 510.64
1637182397, 0, 372, 387, 290, 4, 1.22%, 13, 0, 7, 434.14
1637182809, 0, 372, 389, 292, 4, 1.22%, 13, 0, 7, 547.26
1637182814, 0, 372, 390, 293, 4, 1.22%, 13, 0, 7, 586.37
1637182819, 0, 372, 391, 294, 4, 1.22%, 13, 0, 7, 582.64
1637182845, 0, 372, 392, 295, 4, 1.22%, 13, 0, 7, 587.58
1637182860, 0, 372, 393, 296, 4, 1.22%, 13, 0, 7, 582.10
1637182865, 0, 374, 394, 296, 4, 1.22%, 13, 0, 7, 520.95
1637183277, 0, 374, 395, 297, 4, 1.22%, 13, 0, 7, 528.13
1637183282, 0, 374, 397, 299, 4, 1.22%, 13, 0, 7, 603.49
1637183303, 0, 377, 397, 298, 4, 1.22%, 13, 0, 7, 613.11
1637183511, 0, 377, 398, 299, 4, 1.22%, 13, 0, 8, 624.21
1637183516, 0, 377, 399, 300, 4, 1.22%, 13, 0, 8, 694.90
1637183521, 0, 379, 399, 299, 5, 1.22%, 13, 0, 8, 655.89
1637183781, 0, 386, 399, 298, 4, 1.22%, 13, 0, 8, 508.67
1637184260, 0, 387, 399, 297, 4, 1.22%, 13, 0, 8, 497.43
1637184474, 0, 395, 399, 296, 3, 1.22%, 13, 0, 8, 535.89
1637184891, 0, 395, 400, 297, 3, 1.22%, 13, 0, 8, 584.95
1637184896, 0, 398, 400, 296, 2, 1.22%, 13, 0, 8, 561.21
1637185100, 0, 398, 401, 297, 2, 1.22%, 13, 0, 9, 510.52
1637185105, 0, 398, 402, 298, 2, 1.22%, 13, 0, 9, 675.98
1637185111, 0, 398, 403, 299, 2, 1.22%, 13, 0, 9, 699.46
1637185121, 0, 400, 404, 299, 2, 1.22%, 13, 0, 10, 557.01
1637185323, 0, 403, 404, 298, 2, 1.22%, 13, 0, 10, 555.24
1637185517, 1, 2, 404, 297, 1, 1.22%, 13, 0, 10, 579.67
1637185558, 1, 113, 404, 296, 1, 1.22%, 13, 0, 10, 571.62
1637185741, 1, 113, 405, 297, 1, 1.23%, 13, 0, 10, 507.86
1637185786, 1, 113, 405, 297, 1, 1.23%, 14, 0, 10, 452.48
1637185791, 1, 113, 405, 297, 1, 1.23%, 15, 0, 10, 461.62
1637186490, 1, 154, 405, 296, 2, 1.23%, 15, 0, 10, 439.01
1637187431, 1, 154, 407, 298, 2, 1.23%, 15, 0, 10, 466.81
1637187437, 1, 154, 408, 299, 2, 1.23%, 15, 0, 10, 533.77
1637187447, 1, 162, 408, 298, 2, 1.23%, 15, 0, 10, 526.92
1637187528, 1, 162, 409, 299, 2, 1.23%, 15, 0, 10, 482.88
1637188342, 1, 365, 409, 298, 2, 1.23%, 15, 0, 10, 525.88
1637188769, 1, 365, 410, 299, 2, 1.23%, 15, 0, 10, 512.15
1637188774, 1, 365, 412, 301, 2, 1.23%, 15, 0, 10, 618.36
1637188784, 1, 404, 412, 300, 2, 1.23%, 15, 0, 10, 531.48
1637189756, 1, 409, 412, 299, 1, 1.23%, 15, 0, 10, 511.29
1637190176, 1, 409, 413, 300, 1, 1.23%, 15, 0, 10, 582.33
1637190181, 1, 409, 416, 303, 1, 1.23%, 15, 0, 10, 652.80
1637190191, 1, 409, 418, 305, 1, 1.23%, 15, 0, 10, 670.45
1637190196, 1, 409, 420, 307, 1, 1.23%, 15, 0, 10, 680.69
1637190201, 1, 409, 422, 309, 1, 1.23%, 15, 0, 10, 666.99
1637190221, 1, 409, 423, 310, 1, 1.23%, 15, 0, 10, 638.87
1637190226, 1, 414, 424, 310, 0, 1.23%, 15, 0, 10, 573.13
1637190756, 1, 414, 425, 311, 0, 1.23%, 15, 0, 10, 554.59
1637190767, 1, 414, 426, 312, 0, 1.23%, 15, 0, 10, 655.33
1637190777, 1, 414, 427, 313, 0, 1.23%, 15, 0, 10, 639.13
1637190792, 1, 420, 427, 312, 0, 1.23%, 15, 0, 10, 633.14
1637192528, 1, 420, 429, 314, 0, 1.23%, 15, 0, 10, 513.20
1637192538, 1, 420, 430, 315, 0, 1.23%, 15, 0, 10, 529.78
1637192569, 1, 420, 431, 316, 0, 1.23%, 15, 0, 10, 507.68
1637192574, 1, 422, 431, 315, 0, 1.23%, 15, 0, 10, 468.18
1637193011, 1, 422, 432, 316, 0, 1.23%, 15, 0, 10, 470.45
1637193016, 1, 422, 434, 318, 0, 1.23%, 15, 0, 10, 619.46
1637193026, 1, 422, 435, 319, 0, 1.23%, 15, 0, 10, 651.73
1637193031, 1, 422, 436, 320, 0, 1.23%, 15, 0, 10, 628.37
1637193052, 1, 430, 437, 320, 0, 1.23%, 15, 0, 10, 513.50
1637193077, 1, 430, 438, 321, 0, 1.23%, 15, 0, 10, 440.63
1637193118, 1, 430, 439, 322, 0, 1.23%, 15, 0, 10, 427.97
1637195683, 1, 430, 440, 323, 0, 1.23%, 15, 0, 10, 496.58
1637195703, 2, 6, 440, 322, 0, 1.23%, 15, 0, 10, 549.69
1637195734, 2, 9, 440, 321, 0, 1.23%, 15, 0, 10, 650.28
1637195780, 2, 18, 440, 320, 0, 1.23%, 15, 0, 10, 501.17
1637196620, 2, 23, 440, 319, 0, 1.23%, 15, 0, 10, 544.23
1637196665, 2, 110, 441, 319, 1, 1.24%, 15, 0, 10, 657.01
1637196742, 2, 134, 441, 318, 1, 1.24%, 15, 0, 10, 587.81
1637197553, 2, 134, 443, 320, 1, 1.24%, 15, 0, 10, 605.46
1637197558, 2, 440, 443, 319, 1, 1.24%, 15, 0, 10, 535.95
1637197584, 2, 440, 444, 320, 1, 1.24%, 15, 0, 10, 451.08
1637201106, 2, 440, 446, 322, 1, 1.24%, 15, 0, 10, 495.60
1637201116, 2, 443, 446, 321, 1, 1.24%, 15, 0, 10, 467.20
1637204654, 3, 3, 446, 320, 0, 1.24%, 15, 0, 10, 544.72
1637204694, 3, 10, 446, 319, 0, 1.24%, 15, 0, 10, 635.68
1637205558, 3, 15, 446, 318, 0, 1.24%, 15, 0, 10, 489.42
1637206428, 3, 17, 446, 317, 0, 1.24%, 15, 0, 10, 474.42
1637206947, 3, 28, 446, 316, 0, 1.24%, 15, 0, 10, 548.70
1637206992, 3, 31, 446, 315, 0, 1.24%, 15, 0, 10, 498.94
1637207856, 3, 48, 446, 314, 0, 1.24%, 15, 0, 10, 857.83
1637207877, 3, 54, 446, 313, 0, 1.24%, 15, 0, 10, 563.85
1637208010, 3, 62, 446, 312, 0, 1.24%, 15, 0, 10, 617.61
1637208015, 3, 66, 446, 312, 0, 1.24%, 15, 0, 10, 835.28
1637208040, 3, 71, 446, 311, 0, 1.24%, 15, 0, 10, 626.94
1637208178, 3, 79, 446, 310, 0, 1.24%, 15, 0, 10, 610.27
1637208224, 3, 80, 446, 309, 0, 1.24%, 15, 0, 10, 554.78
1637208270, 3, 85, 447, 309, 0, 1.24%, 15, 0, 10, 590.73
1637208432, 3, 89, 447, 308, 0, 1.24%, 15, 0, 10, 498.53
1637209278, 3, 91, 447, 307, 0, 1.24%, 15, 0, 10, 472.83
1637210114, 3, 92, 447, 306, 0, 1.24%, 15, 0, 10, 493.20
1637210957, 3, 98, 447, 305, 0, 1.24%, 15, 0, 10, 583.61
1637211009, 3, 101, 447, 304, 0, 1.24%, 15, 0, 10, 600.45
1637211065, 3, 103, 447, 303, 0, 1.24%, 15, 0, 10, 486.80
1637211946, 3, 111, 447, 302, 0, 1.24%, 15, 0, 10, 520.35
1637212037, 3, 112, 447, 301, 0, 1.24%, 15, 0, 10, 562.55
1637212129, 3, 118, 447, 300, 0, 1.24%, 15, 0, 10, 528.08
1637212262, 3, 122, 447, 299, 0, 1.24%, 15, 0, 10, 556.49
1637213152, 3, 127, 447, 298, 0, 1.24%, 15, 0, 10, 484.64
1637214069, 3, 127, 450, 301, 0, 1.24%, 15, 0, 10, 560.05
1637214074, 3, 127, 451, 302, 0, 1.24%, 15, 0, 10, 593.75
1637214084, 3, 127, 452, 303, 0, 1.24%, 15, 0, 10, 575.80
1637214089, 3, 127, 453, 304, 0, 1.24%, 15, 0, 10, 581.07
1637214099, 3, 127, 454, 305, 0, 1.24%, 15, 0, 10, 586.44
1637214104, 3, 127, 455, 306, 0, 1.24%, 15, 0, 10, 575.94
1637214124, 3, 137, 455, 305, 0, 1.24%, 15, 0, 10, 508.05
1637215054, 3, 138, 455, 304, 0, 1.24%, 15, 0, 10, 508.39
1637215910, 3, 145, 455, 303, 0, 1.24%, 15, 0, 10, 513.86
1637216452, 3, 146, 455, 302, 0, 1.24%, 15, 0, 10, 520.42
1637217459, 3, 148, 455, 301, 0, 1.24%, 15, 0, 10, 512.65
1637217827, 3, 164, 455, 300, 0, 1.24%, 15, 0, 10, 567.20
1637217872, 3, 168, 455, 299, 0, 1.24%, 15, 0, 10, 570.58
1637218057, 3, 170, 455, 298, 0, 1.24%, 15, 0, 10, 459.96
1637219008, 3, 170, 458, 301, 0, 1.24%, 15, 0, 10, 540.18
1637219018, 3, 170, 459, 302, 0, 1.24%, 15, 0, 10, 592.67
1637219023, 3, 170, 460, 303, 0, 1.24%, 15, 0, 10, 584.31
1637219033, 3, 170, 461, 304, 0, 1.24%, 15, 0, 10, 598.56
1637219059, 3, 170, 462, 305, 0, 1.24%, 15, 0, 10, 611.50
1637219064, 3, 172, 462, 304, 0, 1.24%, 15, 0, 10, 589.57
1637219115, 3, 176, 462, 303, 0, 1.24%, 15, 0, 10, 511.96
1637219993, 3, 186, 463, 303, 0, 1.24%, 15, 0, 10, 544.80
1637220945, 3, 188, 463, 302, 0, 1.24%, 15, 0, 10, 532.94
1637220995, 3, 189, 463, 301, 0, 1.24%, 15, 0, 10, 563.96
1637221438, 3, 195, 463, 300, 0, 1.24%, 15, 0, 10, 640.16
1637221443, 3, 197, 463, 300, 0, 1.24%, 15, 0, 10, 589.60
1637221494, 3, 209, 463, 299, 0, 1.24%, 15, 0, 10, 663.51
1637221591, 3, 210, 463, 298, 0, 1.24%, 15, 0, 10, 442.08
1637222004, 3, 221, 464, 298, 0, 1.24%, 15, 0, 10, 609.53
1637222009, 3, 228, 464, 298, 0, 1.24%, 15, 0, 10, 555.83
1637222126, 3, 239, 464, 297, 0, 1.24%, 15, 0, 10, 532.72
1637222243, 3, 240, 464, 296, 0, 1.24%, 15, 0, 10, 506.84
1637222355, 3, 249, 464, 295, 0, 1.24%, 15, 0, 10, 544.76
1637222452, 3, 270, 464, 294, 0, 1.24%, 15, 0, 10, 607.49
1637223351, 3, 270, 467, 297, 0, 1.24%, 15, 0, 10, 558.03
1637223376, 3, 270, 468, 298, 0, 1.24%, 15, 0, 10, 625.09
1637223381, 3, 270, 470, 300, 0, 1.24%, 15, 0, 10, 618.59
1637223402, 3, 280, 470, 299, 0, 1.24%, 15, 0, 10, 642.90
1637223407, 3, 283, 470, 299, 0, 1.24%, 15, 0, 10, 482.66
1637223930, 3, 286, 472, 300, 0, 1.24%, 15, 0, 10, 618.26
1637223935, 3, 290, 472, 300, 0, 1.24%, 15, 0, 10, 509.56
1637224825, 3, 290, 473, 301, 0, 1.24%, 15, 0, 10, 561.65
1637224830, 3, 293, 475, 302, 0, 1.24%, 15, 0, 10, 589.61
1637224835, 3, 297, 476, 303, 0, 1.24%, 15, 0, 10, 488.89
1637225689, 3, 300, 476, 302, 0, 1.24%, 15, 0, 10, 533.87
1637226556, 3, 308, 476, 301, 0, 1.24%, 15, 0, 10, 528.28
1637227595, 3, 309, 476, 300, 0, 1.24%, 15, 0, 10, 489.16
1637228557, 3, 326, 476, 299, 0, 1.24%, 15, 0, 10, 474.07
1637228735, 3, 337, 476, 298, 0, 1.24%, 15, 0, 10, 565.17
1637228802, 3, 338, 476, 297, 0, 1.24%, 15, 0, 10, 606.55
1637228807, 3, 338, 477, 298, 0, 1.24%, 15, 0, 10, 513.45
1637228883, 3, 338, 479, 300, 0, 1.24%, 15, 0, 10, 627.63
1637228888, 3, 338, 482, 303, 0, 1.24%, 15, 0, 10, 796.20
1637228899, 3, 338, 482, 303, 0, 1.24%, 16, 0, 10, 854.69
1637228914, 3, 338, 483, 304, 0, 1.24%, 16, 0, 10, 817.10
1637228924, 3, 476, 483, 303, 1, 1.24%, 16, 0, 10, 651.15
1637229011, 3, 477, 483, 302, 0, 1.24%, 16, 0, 10, 597.66
1637229031, 3, 477, 483, 302, 0, 1.24%, 17, 0, 10, 432.27
1637229943, 3, 477, 487, 306, 0, 1.24%, 17, 0, 10, 539.67
1637229993, 3, 477, 488, 307, 0, 1.24%, 17, 0, 10, 568.13
1637229998, 3, 487, 489, 307, 1, 1.24%, 17, 0, 10, 454.25
1637230085, 3, 487, 489, 307, 1, 1.24%, 18, 0, 10, 429.27
1637233161, 4, 1, 489, 306, 0, 1.24%, 18, 0, 10, 495.63
1637233192, 4, 5, 489, 305, 0, 1.24%, 18, 0, 10, 621.61
1637233237, 4, 8, 489, 304, 0, 1.24%, 18, 0, 10, 648.09
1637233243, 4, 16, 489, 304, 0, 1.24%, 18, 0, 10, 483.69
1637234085, 4, 20, 489, 303, 0, 1.24%, 18, 0, 10, 486.09
1637234866, 4, 24, 489, 302, 0, 1.24%, 18, 0, 10, 498.34
1637235732, 4, 25, 490, 302, 0, 1.24%, 18, 0, 10, 513.90
1637236590, 4, 33, 490, 301, 0, 1.24%, 18, 0, 10, 511.63
1637237454, 4, 36, 490, 300, 0, 1.24%, 18, 0, 10, 544.43
1637237495, 4, 37, 490, 299, 0, 1.24%, 18, 0, 10, 636.96
1637237597, 4, 43, 490, 298, 0, 1.24%, 18, 0, 10, 654.34
1637237638, 4, 48, 490, 297, 0, 1.24%, 18, 0, 10, 696.81
1637237643, 4, 60, 490, 297, 0, 1.24%, 18, 0, 10, 552.74
1637238423, 4, 65, 490, 296, 0, 1.24%, 18, 0, 10, 580.47
1637238464, 4, 67, 490, 295, 0, 1.24%, 18, 0, 10, 618.31
1637238509, 4, 70, 490, 294, 0, 1.24%, 18, 0, 10, 566.50
1637238612, 4, 74, 490, 293, 0, 1.24%, 18, 0, 10, 587.18
1637238652, 4, 82, 490, 292, 0, 1.24%, 18, 0, 10, 591.21
1637238698, 4, 83, 490, 291, 0, 1.24%, 18, 0, 10, 571.10
1637238739, 4, 93, 490, 290, 0, 1.24%, 18, 0, 10, 529.38
1637239588, 4, 102, 490, 289, 0, 1.24%, 18, 0, 10, 552.35
1637239650, 4, 104, 490, 288, 0, 1.24%, 18, 0, 10, 631.75
1637239655, 4, 106, 490, 288, 0, 1.24%, 18, 0, 10, 472.77
1637240554, 4, 116, 490, 287, 0, 1.24%, 18, 0, 10, 465.56
1637241478, 4, 142, 490, 286, 0, 1.24%, 18, 0, 10, 526.30
1637242410, 4, 150, 490, 285, 0, 1.24%, 18, 0, 10, 519.56
1637243046, 4, 156, 490, 284, 0, 1.24%, 18, 0, 10, 591.02
1637243173, 4, 160, 490, 283, 0, 1.24%, 18, 0, 10, 501.02
1637244122, 4, 165, 490, 282, 0, 1.24%, 18, 0, 10, 502.00
1637244229, 4, 187, 490, 281, 0, 1.24%, 18, 0, 10, 532.42
1637244587, 4, 190, 490, 280, 0, 1.24%, 18, 0, 10, 528.37
1637245543, 4, 201, 491, 280, 0, 1.24%, 18, 0, 10, 645.02
1637245548, 4, 213, 491, 280, 0, 1.24%, 18, 0, 10, 550.42
1637246016, 4, 223, 491, 279, 0, 1.24%, 18, 0, 10, 527.37
1637246149, 4, 225, 491, 278, 0, 1.24%, 18, 0, 10, 548.82
1637246277, 4, 230, 491, 277, 0, 1.24%, 18, 0, 10, 565.26
1637246338, 4, 231, 491, 276, 0, 1.24%, 18, 0, 10, 545.23
1637246435, 4, 236, 491, 275, 0, 1.24%, 18, 0, 10, 603.78
1637246552, 4, 238, 491, 274, 0, 1.24%, 18, 0, 10, 401.95
1637246664, 4, 251, 491, 273, 0, 1.24%, 18, 0, 10, 527.10
1637246802, 4, 368, 491, 272, 1, 1.24%, 18, 0, 10, 502.58
1637247289, 5, 88, 491, 271, 1, 1.24%, 18, 0, 10, 499.23
1637248131, 5, 157, 491, 270, 1, 1.24%, 18, 0, 10, 540.50
1637248458, 5, 193, 491, 269, 1, 1.24%, 18, 0, 10, 605.53
1637248544, 5, 200, 491, 268, 0, 1.24%, 18, 0, 10, 626.33
1637248549, 5, 207, 491, 268, 0, 1.24%, 19, 0, 10, 568.51
1637248595, 5, 215, 491, 267, 0, 1.24%, 19, 0, 10, 480.78
1637249453, 5, 215, 492, 268, 0, 1.24%, 19, 0, 10, 478.19
1637249458, 5, 227, 492, 267, 0, 1.24%, 19, 0, 10, 542.51
1637249514, 5, 227, 493, 268, 0, 1.24%, 19, 0, 10, 552.20
1637249641, 5, 227, 494, 269, 0, 1.24%, 19, 0, 10, 505.68
1637249672, 5, 237, 494, 268, 0, 1.24%, 19, 0, 10, 476.53
1637249784, 5, 245, 494, 267, 0, 1.24%, 19, 0, 10, 471.61
1637249968, 5, 246, 494, 266, 0, 1.24%, 19, 0, 10, 319.40
1637250318, 5, 248, 494, 265, 0, 1.24%, 19, 0, 10, 429.33
1637250329, 5, 248, 495, 266, 0, 1.25%, 19, 0, 10, 531.45
1637250399, 5, 262, 495, 265, 1, 1.25%, 19, 0, 10, 578.90
1637250445, 5, 342, 495, 264, 1, 1.25%, 19, 0, 10, 527.53
1637251313, 5, 494, 495, 263, 1, 1.25%, 19, 0, 10, 531.16
1637251323, 5, 494, 496, 264, 1, 1.26%, 19, 0, 10, 743.00
1637251374, 5, 494, 498, 266, 1, 1.26%, 19, 0, 10, 513.55
1637251395, 5, 495, 498, 265, 3, 1.26%, 19, 0, 10, 733.60
1637251482, 5, 496, 498, 264, 2, 1.26%, 19, 0, 10, 610.25
1637251599, 5, 497, 498, 263, 1, 1.26%, 19, 0, 10, 735.84
1637251736, 6, 58, 498, 262, 0, 1.26%, 19, 0, 10, 782.42
1637252207, 6, 72, 498, 261, 0, 1.26%, 19, 0, 10, 621.59
1637252355, 6, 77, 498, 260, 0, 1.26%, 19, 0, 10, 592.34
1637252468, 6, 84, 498, 259, 0, 1.26%, 19, 0, 10, 511.75
1637252574, 6, 86, 498, 258, 0, 1.26%, 19, 0, 10, 586.53
1637252926, 6, 95, 498, 257, 0, 1.26%, 19, 0, 10, 556.57
1637253723, 6, 97, 498, 256, 0, 1.26%, 19, 0, 10, 442.65
1637254581, 6, 109, 498, 255, 0, 1.26%, 19, 0, 10, 522.22
1637255480, 6, 123, 498, 254, 0, 1.26%, 19, 0, 10, 515.65
1637256375, 6, 126, 498, 253, 0, 1.26%, 19, 0, 10, 472.77
1637257285, 6, 144, 498, 252, 0, 1.26%, 19, 0, 10, 500.82
1637257753, 6, 147, 498, 251, 0, 1.26%, 19, 0, 10, 453.22
1637258703, 6, 151, 498, 250, 0, 1.26%, 19, 0, 10, 449.90
1637259645, 6, 153, 498, 249, 0, 1.26%, 19, 0, 10, 491.67
1637260021, 6, 177, 498, 248, 0, 1.26%, 19, 0, 10, 607.65
1637260123, 6, 179, 499, 248, 0, 1.26%, 19, 0, 10, 656.29
1637260524, 6, 180, 499, 247, 0, 1.26%, 19, 0, 10, 506.90
1637261119, 6, 192, 499, 246, 0, 1.26%, 19, 0, 10, 564.78
1637261124, 6, 198, 499, 246, 0, 1.26%, 19, 0, 10, 564.31
1637261272, 6, 203, 499, 245, 0, 1.26%, 19, 0, 10, 670.34
1637261277, 6, 211, 499, 245, 0, 1.26%, 19, 0, 10, 529.83
1637261650, 6, 214, 499, 244, 0, 1.26%, 19, 0, 10, 581.21
1637261655, 6, 229, 499, 244, 0, 1.26%, 19, 0, 10, 530.36
1637261747, 6, 244, 499, 243, 0, 1.26%, 19, 0, 10, 520.20
1637261931, 6, 257, 499, 242, 0, 1.26%, 19, 0, 10, 486.27
1637262378, 6, 272, 499, 241, 0, 1.26%, 19, 0, 10, 645.19
1637262419, 6, 281, 499, 240, 0, 1.26%, 19, 0, 10, 717.90
1637263209, 6, 285, 501, 241, 0, 1.26%, 19, 0, 10, 422.29
1637263214, 6, 288, 501, 241, 0, 1.26%, 19, 0, 10, 525.03
1637264077, 6, 289, 501, 240, 0, 1.26%, 19, 0, 10, 552.40
1637264082, 6, 306, 501, 240, 0, 1.26%, 19, 0, 10, 510.06
1637264986, 6, 313, 501, 239, 0, 1.26%, 19, 0, 10, 471.52
1637266046, 6, 313, 502, 240, 0, 1.26%, 19, 0, 10, 477.70
1637266051, 6, 313, 503, 241, 0, 1.26%, 19, 0, 10, 552.48
1637266061, 6, 313, 504, 242, 0, 1.26%, 19, 0, 10, 611.41
1637266077, 6, 317, 504, 241, 0, 1.26%, 19, 0, 10, 467.68
1637266240, 6, 322, 504, 240, 0, 1.26%, 19, 0, 10, 495.17
1637266398, 6, 329, 504, 239, 0, 1.26%, 19, 0, 10, 497.24
1637266617, 6, 330, 504, 238, 0, 1.26%, 19, 0, 10, 459.39
1637266928, 6, 331, 504, 237, 0, 1.26%, 19, 0, 10, 333.24
1637267650, 6, 331, 505, 238, 0, 1.26%, 19, 0, 10, 392.39
1637267656, 6, 332, 505, 237, 0, 1.26%, 19, 0, 10, 486.73
1637267661, 6, 335, 505, 237, 0, 1.26%, 19, 0, 10, 494.53
1637268128, 6, 335, 506, 238, 0, 1.26%, 19, 0, 10, 622.80
1637268133, 6, 344, 507, 238, 0, 1.26%, 19, 0, 10, 606.78
1637269001, 6, 348, 507, 237, 0, 1.26%, 19, 0, 10, 487.29
1637269956, 6, 348, 510, 240, 0, 1.26%, 19, 0, 10, 490.83
1637269961, 6, 348, 511, 241, 0, 1.26%, 19, 0, 10, 599.73
1637269966, 6, 348, 512, 242, 0, 1.26%, 19, 0, 10, 600.89
1637270012, 6, 357, 512, 241, 0, 1.26%, 19, 0, 10, 542.68
1637270515, 6, 363, 512, 240, 0, 1.26%, 19, 0, 10, 552.39
1637271050, 6, 363, 513, 241, 0, 1.26%, 19, 0, 10, 589.75
1637271055, 6, 366, 513, 240, 0, 1.26%, 19, 0, 10, 540.07
1637271502, 6, 369, 513, 239, 0, 1.26%, 19, 0, 10, 526.77
1637271990, 6, 378, 513, 238, 0, 1.26%, 19, 0, 10, 545.10
1637272508, 6, 378, 516, 241, 0, 1.26%, 19, 0, 10, 663.39
1637272529, 6, 378, 517, 242, 0, 1.26%, 19, 0, 10, 670.67
1637272554, 6, 383, 517, 241, 0, 1.26%, 19, 0, 10, 582.67
1637273022, 6, 389, 517, 240, 0, 1.26%, 19, 0, 10, 566.71
1637273520, 6, 391, 517, 239, 0, 1.26%, 19, 0, 10, 469.50
1637274012, 6, 398, 517, 238, 0, 1.26%, 19, 0, 10, 632.41
1637274018, 6, 402, 518, 239, 0, 1.26%, 19, 0, 10, 618.86
1637274146, 6, 404, 518, 238, 0, 1.26%, 19, 0, 10, 713.88
1637274151, 6, 413, 518, 238, 0, 1.26%, 19, 0, 10, 539.15
1637275092, 6, 413, 520, 240, 0, 1.26%, 19, 0, 10, 613.76
1637275102, 6, 413, 520, 240, 0, 1.26%, 20, 0, 10, 646.35
1637275128, 6, 417, 520, 239, 0, 1.26%, 20, 0, 10, 583.30
1637276651, 6, 417, 523, 242, 0, 1.26%, 20, 0, 10, 518.17
1637276657, 6, 417, 525, 244, 0, 1.26%, 20, 0, 10, 585.43
1637276667, 6, 417, 526, 245, 0, 1.26%, 20, 0, 10, 569.68
1637276697, 6, 431, 526, 244, 0, 1.26%, 20, 0, 10, 482.53
1637277303, 6, 434, 526, 243, 0, 1.26%, 20, 0, 10, 494.87
1637278730, 6, 436, 526, 242, 0, 1.26%, 20, 0, 10, 523.82
1637279473, 6, 436, 527, 243, 0, 1.26%, 20, 0, 10, 539.32
1637279488, 6, 436, 527, 243, 0, 1.26%, 21, 0, 10, 608.49
1637279493, 6, 441, 527, 242, 0, 1.26%, 21, 0, 10, 523.69
1637280000, 6, 444, 527, 241, 0, 1.26%, 21, 0, 10, 477.07
1637283749, 6, 449, 527, 240, 0, 1.26%, 21, 0, 10, 453.37
1637285795, 6, 449, 529, 242, 0, 1.27%, 21, 0, 10, 485.04
1637285800, 6, 449, 532, 245, 0, 1.27%, 21, 0, 10, 517.45
1637285805, 6, 449, 533, 246, 0, 1.27%, 21, 0, 10, 545.62
1637285816, 6, 449, 534, 247, 0, 1.27%, 21, 0, 10, 531.99
1637285856, 6, 468, 534, 246, 1, 1.27%, 21, 0, 10, 495.64
1637288697, 6, 468, 535, 247, 1, 1.27%, 21, 0, 10, 524.26
1637288702, 6, 468, 536, 248, 1, 1.27%, 21, 0, 10, 524.99
1637288717, 6, 468, 537, 249, 1, 1.27%, 21, 0, 10, 535.89
1637288742, 6, 468, 538, 250, 1, 1.27%, 21, 0, 10, 542.96
1637288753, 6, 533, 538, 249, 1, 1.27%, 21, 0, 10, 455.59
1637295197, 6, 533, 539, 250, 1, 1.27%, 21, 0, 10, 399.22
1637295233, 6, 533, 540, 251, 1, 1.27%, 21, 0, 10, 446.70
1637295253, 6, 537, 540, 250, 0, 1.27%, 21, 0, 10, 513.69
1637295366, 6, 537, 541, 251, 0, 1.27%, 21, 0, 10, 677.69
1637295386, 6, 540, 541, 250, 0, 1.27%, 21, 0, 10, 683.96
1637295539, 7, 13, 541, 249, 0, 1.27%, 21, 0, 10, 754.02
1637296421, 7, 19, 541, 248, 0, 1.27%, 21, 0, 10, 486.36
1637297201, 7, 27, 541, 247, 0, 1.27%, 21, 0, 10, 552.40
1637297247, 7, 32, 541, 246, 0, 1.27%, 21, 0, 10, 510.48
