# unix_time, cycles_done, cur_path, paths_total, pending_total, pending_favs, map_size, unique_crashes, unique_hangs, max_depth, execs_per_sec
1637297750, 0, 0, 1, 1, 1, 0.03%, 0, 0, 1, 0.12
1637297771, 0, 0, 4, 4, 1, 0.03%, 0, 0, 2, 6.75
1637297781, 0, 0, 5, 5, 1, 0.03%, 0, 0, 2, 3.75
1637297859, 0, 0, 6, 6, 1, 0.03%, 0, 0, 2, 3.39
1637297864, 0, 0, 7, 7, 1, 0.03%, 0, 0, 2, 3.39
1637297937, 0, 0, 8, 8, 1, 0.03%, 0, 0, 2, 3.43
1637297963, 0, 0, 9, 9, 1, 0.03%, 0, 0, 2, 3.49
1637298051, 0, 0, 10, 10, 1, 0.03%, 0, 0, 2, 3.35
1637298160, 0, 0, 11, 11, 1, 0.03%, 0, 0, 2, 3.21
1637298212, 0, 0, 12, 12, 1, 0.03%, 0, 0, 2, 3.29
1637298284, 0, 0, 13, 13, 1, 0.03%, 0, 0, 2, 3.14
1637298367, 0, 0, 14, 14, 1, 0.03%, 0, 0, 2, 3.24
1637298434, 0, 0, 15, 15, 1, 0.03%, 0, 0, 2, 3.33
1637298992, 0, 0, 16, 16, 1, 0.03%, 0, 0, 2, 5.67
1637299829, 0, 0, 17, 17, 1, 0.03%, 0, 0, 2, 249.31
1637299834, 0, 0, 19, 19, 1, 0.03%, 0, 0, 2, 26.51
1637299839, 0, 0, 23, 23, 1, 0.03%, 0, 0, 2, 27.54
1637299896, 0, 0, 24, 24, 1, 0.03%, 0, 0, 2, 3.43
1637300181, 0, 0, 25, 25, 1, 0.03%, 0, 0, 2, 3.41
1637300192, 0, 0, 26, 26, 1, 0.03%, 0, 0, 2, 3.42
1637300796, 0, 0, 27, 27, 1, 0.03%, 0, 0, 2, 3.43
1637301195, 0, 0, 28, 28, 1, 0.03%, 0, 0, 2, 52.60
1637301236, 0, 0, 30, 30, 1, 0.03%, 0, 0, 2, 3.32
1637301241, 0, 0, 31, 31, 1, 0.03%, 0, 0, 2, 49.61
1637301272, 0, 0, 32, 32, 1, 0.03%, 0, 0, 2, 44.35
1637301303, 0, 0, 33, 33, 1, 0.03%, 0, 0, 2, 18.52
1637301323, 0, 0, 34, 34, 1, 0.03%, 0, 0, 2, 8.90
1637301328, 0, 0, 37, 37, 1, 0.03%, 0, 0, 2, 15.62
1637301333, 0, 0, 40, 40, 1, 0.03%, 0, 0, 2, 14.82
1637301338, 0, 0, 41, 41, 1, 0.03%, 0, 0, 2, 16.78
1637301343, 0, 0, 43, 43, 1, 0.03%, 0, 0, 2, 14.25
1637301348, 0, 0, 45, 45, 1, 0.03%, 0, 0, 2, 14.10
1637301353, 0, 0, 47, 47, 1, 0.03%, 1, 0, 2, 15.10
1637301358, 0, 0, 48, 48, 1, 0.04%, 1, 0, 2, 15.26
1637301364, 0, 0, 49, 49, 1, 0.04%, 1, 0, 2, 16.80
1637301369, 0, 0, 50, 50, 1, 0.05%, 1, 0, 2, 14.22
1637301374, 0, 0, 51, 51, 1, 0.05%, 1, 0, 2, 15.14
1637301379, 0, 0, 52, 52, 1, 0.05%, 1, 0, 2, 12.56
1637301384, 0, 0, 53, 53, 1, 0.05%, 1, 0, 2, 8.81
1637301389, 0, 0, 54, 54, 1, 0.05%, 1, 0, 2, 9.46
1637301394, 0, 0, 55, 55, 1, 0.05%, 1, 0, 2, 7.04
1637301405, 0, 0, 57, 57, 1, 0.06%, 1, 0, 2, 13.82
1637301410, 0, 0, 58, 58, 1, 0.06%, 1, 0, 2, 10.45
1637301430, 0, 0, 60, 60, 1, 0.06%, 1, 0, 2, 11.91
1637301435, 0, 0, 61, 61, 1, 0.06%, 1, 0, 2, 10.74
1637301440, 0, 0, 63, 63, 1, 0.06%, 1, 0, 2, 13.01
1637301451, 0, 0, 65, 65, 1, 0.06%, 1, 0, 2, 12.02
1637301456, 0, 0, 66, 66, 1, 0.06%, 1, 0, 2, 16.20
1637301466, 0, 0, 67, 67, 1, 0.06%, 1, 0, 2, 10.57
1637301471, 0, 0, 68, 68, 1, 0.06%, 1, 0, 2, 11.99
1637301487, 0, 0, 69, 69, 1, 0.06%, 1, 0, 2, 10.24
1637301492, 0, 0, 71, 71, 1, 0.06%, 1, 0, 2, 13.14
1637301497, 0, 0, 72, 72, 1, 0.06%, 1, 0, 2, 14.37
1637301502, 0, 0, 74, 74, 1, 0.06%, 1, 0, 2, 16.54
1637301507, 0, 0, 76, 76, 1, 0.06%, 1, 0, 2, 9.17
1637301512, 0, 0, 78, 78, 1, 0.06%, 1, 0, 2, 13.76
1637301523, 0, 0, 79, 79, 1, 0.06%, 1, 0, 2, 15.89
1637301528, 0, 0, 80, 80, 1, 0.06%, 1, 0, 2, 17.16
1637301533, 0, 0, 81, 81, 1, 0.06%, 1, 0, 2, 3.34
1637301549, 0, 0, 82, 82, 1, 0.07%, 1, 0, 2, 14.69
1637301569, 0, 0, 83, 83, 1, 0.07%, 1, 0, 2, 13.28
1637301584, 0, 0, 85, 85, 1, 0.07%, 1, 0, 2, 11.19
1637301590, 0, 0, 86, 86, 1, 0.07%, 1, 0, 2, 15.37
1637301595, 0, 0, 87, 87, 1, 0.07%, 1, 0, 2, 14.37
1637307355, 0, 0, 88, 88, 1, 0.07%, 1, 0, 2, 3.42
1637307543, 0, 0, 89, 89, 1, 0.07%, 1, 0, 2, 3.43
1637335335, 0, 0, 90, 90, 1, 0.07%, 1, 0, 2, 3.44
1637336807, 0, 0, 91, 91, 1, 0.07%, 1, 0, 2, 3.86
1637336885, 0, 2, 91, 90, 37, 0.07%, 1, 0, 2, 254.34
1637336952, 0, 3, 91, 89, 36, 0.07%, 1, 0, 2, 99.82
1637339752, 0, 8, 91, 88, 35, 0.07%, 1, 0, 2, 109.79
1637339763, 0, 8, 92, 89, 35, 0.07%, 1, 0, 3, 124.07
1637339788, 0, 8, 93, 90, 35, 0.07%, 1, 0, 3, 322.01
1637339829, 0, 8, 94, 91, 35, 0.07%, 1, 0, 3, 79.45
1637340188, 0, 11, 95, 91, 34, 0.07%, 1, 0, 3, 3.75
1637340974, 0, 11, 96, 92, 34, 0.07%, 1, 0, 3, 15.77
1637340979, 0, 11, 97, 93, 34, 0.07%, 2, 0, 3, 16.29
1637340984, 0, 11, 98, 94, 34, 0.07%, 2, 0, 3, 12.88
1637342110, 0, 11, 98, 94, 34, 0.07%, 3, 0, 3, 2.75
1637354814, 0, 17, 98, 93, 35, 0.07%, 3, 0, 3, 16.07
1637357028, 0, 17, 99, 94, 35, 0.07%, 3, 0, 3, 7.54
1637357054, 0, 17, 99, 94, 35, 0.07%, 4, 0, 3, 7.57
1637357080, 0, 17, 100, 95, 35, 0.07%, 4, 0, 3, 7.22
1637357116, 0, 17, 100, 95, 35, 0.07%, 5, 0, 3, 8.13
1637357218, 0, 17, 100, 95, 35, 0.07%, 6, 0, 3, 7.64
1637357310, 0, 17, 100, 95, 35, 0.07%, 7, 0, 3, 7.82
1637357364, 0, 17, 100, 95, 35, 0.07%, 8, 0, 3, 0.91
1637357420, 0, 17, 100, 95, 35, 0.07%, 9, 0, 3, 0.48
1637357431, 0, 17, 100, 95, 35, 0.07%, 10, 0, 3, 7.53
1637357499, 0, 17, 100, 95, 35, 0.07%, 11, 0, 3, 7.26
1637357514, 0, 17, 102, 97, 35, 0.07%, 11, 0, 3, 7.45
1637357540, 0, 17, 103, 98, 35, 0.07%, 11, 0, 3, 8.78
1637359230, 0, 17, 103, 98, 35, 0.07%, 12, 0, 3, 0.48
1637359236, 0, 17, 104, 99, 35, 0.07%, 12, 0, 3, 0.90
1637372339, 0, 20, 104, 98, 36, 0.07%, 12, 0, 3, 42.94
1637373678, 0, 20, 105, 99, 36, 0.07%, 12, 0, 3, 7.33
1637378920, 0, 23, 105, 98, 35, 0.07%, 12, 0, 3, 0.48
1637378939, 0, 23, 105, 98, 35, 0.07%, 13, 0, 3, 0.48
1637379007, 0, 23, 105, 98, 35, 0.07%, 14, 0, 3, 0.48
1637401715, 0, 23, 105, 98, 35, 0.07%, 15, 0, 3, 0.89
1637402063, 0, 23, 106, 99, 35, 0.07%, 15, 0, 3, 6.95
