# unix_time, cycles_done, cur_path, paths_total, pending_total, pending_favs, map_size, unique_crashes, unique_hangs, max_depth, execs_per_sec
1637486122, 0, 0, 1, 1, 1, 0.03%, 0, 0, 1, 0.11
1637486166, 0, 0, 4, 4, 1, 0.03%, 1, 0, 2, 1.65
1637486235, 0, 0, 4, 4, 1, 0.03%, 2, 0, 2, 0.65
1637486675, 0, 0, 4, 4, 1, 0.03%, 3, 0, 2, 0.57
1637487268, 0, 0, 5, 5, 1, 0.03%, 3, 0, 2, 34.09
1637487534, 0, 0, 5, 5, 1, 0.03%, 4, 0, 2, 0.57
1637487804, 0, 0, 6, 6, 1, 0.03%, 4, 0, 2, 0.70
1637488038, 0, 0, 7, 7, 1, 0.03%, 4, 0, 2, 17.28
1637488440, 0, 0, 8, 8, 1, 0.03%, 4, 0, 2, 0.70
1637488742, 0, 0, 9, 9, 1, 0.03%, 4, 0, 2, 0.65
1637489145, 0, 0, 10, 10, 1, 0.03%, 4, 0, 2, 0.64
1637489649, 0, 0, 11, 11, 1, 0.03%, 4, 0, 2, 0.79
1637489908, 0, 0, 11, 11, 1, 0.03%, 5, 0, 2, 0.57
1637490051, 0, 0, 12, 12, 1, 0.03%, 5, 0, 2, 0.76
1637493387, 0, 0, 12, 12, 1, 0.03%, 6, 0, 2, 1.56
1637498437, 0, 0, 13, 13, 1, 0.03%, 6, 0, 2, 25.77
1637498453, 0, 0, 15, 15, 1, 0.03%, 6, 0, 2, 0.57
1637498458, 0, 0, 17, 17, 1, 0.03%, 6, 0, 2, 18.15
1637498463, 0, 0, 19, 19, 1, 0.03%, 6, 0, 2, 12.82
1637498468, 0, 0, 20, 20, 1, 0.03%, 6, 0, 2, 21.89
1637498474, 0, 0, 22, 22, 1, 0.03%, 6, 0, 2, 12.99
1637498765, 0, 0, 22, 22, 1, 0.03%, 7, 0, 2, 0.57
1637498813, 0, 0, 22, 22, 1, 0.03%, 8, 0, 2, 0.57
1637498828, 0, 0, 22, 22, 1, 0.03%, 9, 0, 2, 0.57
1637499935, 0, 0, 22, 22, 1, 0.03%, 10, 0, 2, 0.57
1637504107, 0, 0, 22, 22, 1, 0.03%, 11, 0, 2, 0.57
1637504197, 0, 0, 22, 22, 1, 0.03%, 12, 0, 2, 0.57
1637506797, 0, 0, 23, 23, 1, 0.03%, 12, 0, 2, 14.49
1637506817, 0, 0, 24, 24, 1, 0.03%, 12, 0, 2, 15.10
1637506833, 0, 0, 24, 24, 1, 0.03%, 13, 0, 2, 15.50
1637506838, 0, 0, 25, 25, 1, 0.03%, 13, 0, 2, 17.65
1637507086, 0, 0, 26, 26, 1, 0.03%, 13, 0, 2, 0.57
1637507163, 0, 0, 27, 27, 1, 0.03%, 13, 0, 2, 13.60
1637507173, 0, 0, 28, 28, 1, 0.03%, 13, 0, 2, 0.57
1637507184, 0, 0, 29, 29, 1, 0.03%, 13, 0, 2, 8.38
1637507189, 0, 0, 30, 30, 1, 0.03%, 13, 0, 2, 8.85
1637507199, 0, 0, 31, 31, 1, 0.03%, 13, 0, 2, 6.33
1637507204, 0, 0, 32, 32, 1, 0.03%, 14, 0, 2, 5.97
1637507214, 0, 0, 33, 33, 1, 0.03%, 14, 0, 2, 7.84
1637507225, 0, 0, 34, 34, 1, 0.03%, 14, 0, 2, 5.19
1637507230, 0, 0, 36, 36, 1, 0.03%, 14, 0, 2, 6.49
1637507235, 0, 0, 37, 37, 1, 0.03%, 14, 0, 2, 5.86
1637507246, 0, 0, 37, 37, 1, 0.03%, 15, 0, 2, 7.00
1637507251, 0, 0, 38, 38, 1, 0.03%, 15, 0, 2, 6.82
1637507256, 0, 0, 39, 39, 1, 0.03%, 16, 0, 2, 7.07
1637507266, 0, 0, 40, 40, 1, 0.03%, 16, 0, 2, 1.05
1637507294, 0, 0, 41, 41, 1, 0.04%, 16, 0, 2, 5.86
1637507299, 0, 0, 42, 42, 1, 0.04%, 16, 0, 2, 6.85
1637507309, 0, 0, 42, 42, 1, 0.04%, 17, 0, 2, 6.66
1637507315, 0, 0, 43, 43, 1, 0.04%, 17, 0, 2, 1.19
1637507342, 0, 0, 44, 44, 1, 0.04%, 17, 0, 2, 2.83
1637507362, 0, 0, 45, 45, 1, 0.05%, 17, 0, 2, 7.24
1637507367, 0, 0, 46, 46, 1, 0.05%, 17, 0, 2, 5.18
1637507384, 0, 0, 46, 46, 1, 0.05%, 18, 0, 2, 0.57
1637507432, 0, 0, 47, 47, 1, 0.05%, 18, 0, 2, 6.31
1637507438, 0, 0, 48, 48, 1, 0.05%, 18, 0, 2, 0.82
1637507461, 0, 0, 49, 49, 1, 0.05%, 18, 0, 2, 7.39
1637507466, 0, 0, 50, 50, 1, 0.05%, 18, 0, 2, 6.89
1637507487, 0, 0, 52, 52, 1, 0.05%, 18, 0, 2, 9.52
1637507515, 0, 0, 52, 52, 1, 0.05%, 19, 0, 2, 1.04
1637507573, 0, 0, 53, 53, 1, 0.05%, 19, 0, 2, 7.55
1637507580, 0, 0, 54, 54, 1, 0.05%, 19, 0, 2, 0.57
1637507595, 0, 0, 55, 55, 1, 0.05%, 19, 0, 2, 6.55
1637507600, 0, 0, 56, 56, 1, 0.05%, 19, 0, 2, 7.55
1637507611, 0, 0, 57, 57, 1, 0.05%, 19, 0, 2, 0.57
1637507616, 0, 0, 58, 58, 1, 0.05%, 19, 0, 2, 5.18
1637507628, 0, 0, 59, 59, 1, 0.05%, 19, 0, 2, 5.02
1637507633, 0, 0, 60, 60, 1, 0.05%, 19, 0, 2, 8.19
1637507639, 0, 0, 61, 61, 1, 0.05%, 19, 0, 2, 6.14
1637507660, 0, 0, 62, 62, 1, 0.05%, 19, 0, 2, 1.05
1637507671, 0, 0, 63, 63, 1, 0.06%, 19, 0, 2, 7.46
1637507691, 0, 0, 63, 63, 1, 0.06%, 20, 0, 2, 7.86
1637507734, 0, 0, 64, 64, 1, 0.06%, 20, 0, 2, 7.75
1637507815, 0, 0, 65, 65, 1, 0.06%, 20, 0, 2, 6.90
1637507820, 0, 0, 65, 65, 1, 0.06%, 21, 0, 2, 8.30
1637507830, 0, 0, 66, 66, 1, 0.06%, 21, 0, 2, 7.42
1637507835, 0, 0, 67, 67, 1, 0.06%, 21, 0, 2, 7.51
1637529472, 0, 0, 67, 67, 1, 0.06%, 22, 0, 2, 0.57
1637541874, 0, 0, 67, 67, 1, 0.06%, 23, 0, 2, 0.57
1637542526, 0, 0, 67, 67, 1, 0.06%, 24, 0, 2, 0.57
1637542573, 0, 0, 67, 67, 1, 0.06%, 25, 0, 2, 0.57
