# unix_time, cycles_done, cur_path, paths_total, pending_total, pending_favs, map_size, unique_crashes, unique_hangs, max_depth, execs_per_sec
1636699634, 0, 0, 1, 1, 1, 0.03%, 0, 0, 1, 0.12
1636699654, 0, 0, 4, 4, 1, 0.03%, 0, 0, 2, 3.37
1636699664, 0, 0, 5, 5, 1, 0.03%, 0, 0, 2, 3.38
1636699741, 0, 0, 6, 6, 1, 0.03%, 0, 0, 2, 3.36
1636699746, 0, 0, 7, 7, 1, 0.03%, 0, 0, 2, 3.37
1636699822, 0, 0, 8, 8, 1, 0.03%, 0, 0, 2, 3.38
1636699853, 0, 0, 9, 9, 1, 0.03%, 0, 0, 2, 5.79
1636699941, 0, 0, 10, 10, 1, 0.03%, 0, 0, 2, 3.17
1636700045, 0, 0, 11, 11, 1, 0.03%, 0, 0, 2, 3.37
1636700102, 0, 0, 12, 12, 1, 0.03%, 0, 0, 2, 3.22
1636700169, 0, 0, 13, 13, 1, 0.03%, 0, 0, 2, 3.14
1636700252, 0, 0, 14, 14, 1, 0.03%, 0, 0, 2, 3.37
1636700325, 0, 0, 15, 15, 1, 0.03%, 0, 0, 2, 3.18
1636700882, 0, 0, 16, 16, 1, 0.03%, 0, 0, 2, 5.59
1636701721, 0, 0, 17, 17, 1, 0.03%, 0, 0, 2, 232.57
1636701726, 0, 0, 20, 20, 1, 0.03%, 0, 0, 2, 26.28
1636701731, 0, 0, 24, 24, 1, 0.03%, 0, 0, 2, 3.48
1636701737, 0, 0, 25, 25, 1, 0.03%, 0, 0, 2, 3.42
1636701788, 0, 0, 26, 26, 1, 0.03%, 0, 0, 2, 3.41
1636702237, 0, 0, 27, 27, 1, 0.03%, 0, 0, 2, 3.40
1636702248, 0, 0, 28, 28, 1, 0.03%, 0, 0, 2, 3.42
1636702704, 0, 0, 29, 29, 1, 0.03%, 0, 0, 2, 3.42
1636703113, 0, 0, 30, 30, 1, 0.03%, 0, 0, 2, 50.73
1636703118, 0, 0, 32, 32, 1, 0.03%, 0, 0, 2, 50.22
1636703200, 0, 0, 33, 33, 1, 0.03%, 0, 0, 2, 8.15
1636703205, 0, 0, 35, 35, 1, 0.03%, 0, 0, 2, 14.88
1636703210, 0, 0, 38, 38, 1, 0.03%, 0, 0, 2, 14.42
1636703215, 0, 0, 39, 39, 1, 0.03%, 0, 0, 2, 16.57
1636703220, 0, 0, 41, 41, 1, 0.03%, 0, 0, 2, 14.73
1636703226, 0, 0, 43, 43, 1, 0.03%, 0, 0, 2, 14.44
1636703231, 0, 0, 46, 46, 1, 0.04%, 1, 0, 2, 14.62
1636703236, 0, 0, 47, 47, 1, 0.04%, 1, 0, 2, 2.82
1636703246, 0, 0, 48, 48, 1, 0.04%, 1, 0, 2, 13.99
1636703252, 0, 0, 49, 49, 1, 0.05%, 1, 0, 2, 14.61
1636703257, 0, 0, 50, 50, 1, 0.05%, 1, 0, 2, 2.70
1636703267, 0, 0, 51, 51, 1, 0.05%, 1, 0, 2, 12.94
1636703272, 0, 0, 53, 53, 1, 0.06%, 1, 0, 2, 15.47
1636703283, 0, 0, 54, 54, 1, 0.06%, 1, 0, 2, 10.77
1636703298, 0, 0, 55, 55, 1, 0.06%, 1, 0, 2, 15.71
1636703303, 0, 0, 56, 56, 1, 0.06%, 1, 0, 2, 10.77
1636703308, 0, 0, 57, 57, 1, 0.06%, 1, 0, 2, 8.61
1636703313, 0, 0, 59, 59, 1, 0.06%, 1, 0, 2, 13.16
1636703318, 0, 0, 60, 60, 1, 0.06%, 1, 0, 2, 13.15
1636703323, 0, 0, 62, 62, 1, 0.06%, 1, 0, 2, 13.36
1636703334, 0, 0, 63, 63, 1, 0.06%, 1, 0, 2, 14.16
1636703344, 0, 0, 64, 64, 1, 0.06%, 1, 0, 2, 10.42
1636703360, 0, 0, 65, 65, 1, 0.06%, 1, 0, 2, 10.75
1636703365, 0, 0, 67, 67, 1, 0.06%, 1, 0, 2, 13.82
1636703370, 0, 0, 69, 69, 1, 0.06%, 1, 0, 2, 14.61
1636703375, 0, 0, 70, 70, 1, 0.06%, 1, 0, 2, 15.69
1636703380, 0, 0, 72, 72, 1, 0.06%, 1, 0, 2, 8.75
1636703385, 0, 0, 74, 74, 1, 0.06%, 1, 0, 2, 13.86
1636703396, 0, 0, 75, 75, 1, 0.06%, 1, 0, 2, 15.80
1636703406, 0, 0, 76, 76, 1, 0.06%, 1, 0, 2, 11.84
1636703422, 0, 0, 77, 77, 1, 0.07%, 1, 0, 2, 14.23
1636703452, 0, 0, 79, 79, 1, 0.07%, 1, 0, 2, 14.63
1636703463, 0, 0, 81, 81, 1, 0.07%, 1, 0, 2, 16.11
1636709234, 0, 0, 82, 82, 1, 0.07%, 1, 0, 2, 3.40
1636709244, 0, 0, 83, 83, 1, 0.07%, 1, 0, 2, 3.40
1636737287, 0, 0, 84, 84, 1, 0.07%, 1, 0, 2, 3.42
1636738767, 0, 0, 85, 85, 1, 0.07%, 1, 0, 2, 6.70
1636738777, 0, 0, 86, 86, 1, 0.07%, 1, 0, 2, 3.66
1636738829, 0, 0, 87, 87, 1, 0.07%, 1, 0, 2, 7.75
1636739056, 0, 2, 87, 86, 37, 0.07%, 1, 0, 2, 269.67
1636739118, 0, 3, 87, 85, 36, 0.07%, 1, 0, 2, 140.46
1636741930, 0, 8, 87, 84, 35, 0.07%, 1, 0, 2, 116.16
1636741940, 0, 8, 88, 85, 35, 0.07%, 1, 0, 3, 122.67
1636741966, 0, 8, 89, 86, 35, 0.07%, 1, 0, 3, 307.01
1636742002, 0, 8, 90, 87, 35, 0.07%, 1, 0, 3, 84.71
1636742346, 0, 11, 90, 86, 33, 0.07%, 1, 0, 3, 127.71
1636743145, 0, 11, 91, 87, 33, 0.07%, 1, 0, 3, 15.98
1636743150, 0, 11, 92, 88, 33, 0.07%, 2, 0, 3, 17.07
1636743155, 0, 11, 93, 89, 33, 0.07%, 2, 0, 3, 13.21
1636753945, 0, 18, 93, 88, 34, 0.07%, 2, 0, 3, 19.98
1636754745, 0, 18, 94, 89, 34, 0.07%, 2, 0, 3, 17.17
1636754766, 0, 18, 95, 90, 34, 0.07%, 2, 0, 3, 15.91
1636754838, 0, 18, 96, 91, 34, 0.07%, 2, 0, 3, 12.61
1636754889, 0, 18, 97, 92, 34, 0.07%, 2, 0, 3, 10.80
1636754920, 0, 18, 98, 93, 34, 0.07%, 2, 0, 3, 16.78
1636754925, 0, 18, 99, 94, 34, 0.07%, 2, 0, 3, 15.85
1636754935, 0, 18, 100, 95, 34, 0.07%, 2, 0, 3, 18.15
1636755657, 0, 18, 101, 96, 34, 0.07%, 2, 0, 3, 17.08
1636761969, 0, 21, 101, 95, 35, 0.07%, 2, 0, 3, 60.99
1636762272, 0, 21, 102, 96, 35, 0.07%, 2, 0, 3, 17.29
1636763813, 0, 25, 102, 95, 35, 0.07%, 2, 0, 3, 3.38
1636764074, 0, 25, 102, 95, 35, 0.07%, 3, 0, 3, 15.33
1636764193, 0, 25, 103, 96, 35, 0.07%, 3, 0, 3, 16.70
1636766065, 0, 26, 103, 95, 35, 0.07%, 3, 0, 3, 29.66
1636769540, 0, 26, 104, 96, 35, 0.07%, 4, 0, 3, 13.64
1636769648, 0, 26, 105, 97, 35, 0.07%, 4, 0, 3, 11.91
1636775390, 0, 26, 106, 98, 35, 0.07%, 4, 0, 3, 3.44
1636787889, 0, 26, 107, 99, 35, 0.07%, 4, 0, 3, 4.29
1636789939, 0, 26, 108, 100, 35, 0.07%, 4, 0, 3, 3.38
1636789990, 0, 26, 109, 101, 35, 0.07%, 4, 0, 3, 3.39
1636790176, 0, 26, 110, 102, 35, 0.07%, 4, 0, 3, 3.41
1636805102, 0, 27, 110, 101, 38, 0.07%, 4, 0, 3, 12.16
1636808558, 0, 27, 110, 101, 38, 0.07%, 5, 0, 3, 15.72
1636814469, 0, 27, 111, 102, 38, 0.07%, 5, 0, 3, 3.38
1636829220, 0, 27, 112, 103, 38, 0.07%, 5, 0, 3, 3.39
1636844099, 0, 28, 112, 102, 38, 0.07%, 5, 0, 3, 12.55
1636847545, 0, 28, 112, 102, 38, 0.07%, 6, 0, 3, 15.55
1636853682, 0, 28, 113, 103, 38, 0.07%, 6, 0, 3, 3.39
1636883060, 0, 30, 113, 102, 37, 0.07%, 6, 0, 3, 8.70
1636920535, 0, 31, 113, 101, 36, 0.07%, 6, 0, 3, 97.56
1636925573, 0, 34, 113, 100, 35, 0.07%, 6, 0, 3, 67.87
1636926102, 0, 34, 114, 101, 35, 0.07%, 6, 0, 3, 3.32
1636928630, 0, 39, 114, 100, 34, 0.07%, 6, 0, 3, 5.63
