# unix_time, cycles_done, cur_path, paths_total, pending_total, pending_favs, map_size, unique_crashes, unique_hangs, max_depth, execs_per_sec
1636969015, 0, 0, 1, 1, 1, 0.03%, 0, 0, 1, 0.12
1636969036, 0, 0, 4, 4, 1, 0.03%, 0, 0, 2, 3.40
1636969046, 0, 0, 5, 5, 1, 0.03%, 0, 0, 2, 3.38
1636969122, 0, 0, 6, 6, 1, 0.03%, 0, 0, 2, 3.39
1636969127, 0, 0, 7, 7, 1, 0.03%, 0, 0, 2, 3.40
1636969204, 0, 0, 8, 8, 1, 0.03%, 0, 0, 2, 3.39
1636969229, 0, 0, 9, 9, 1, 0.03%, 0, 0, 2, 164.00
1636969321, 0, 0, 10, 10, 1, 0.03%, 0, 0, 2, 3.13
1636969446, 0, 0, 11, 11, 1, 0.03%, 0, 0, 2, 3.18
1636969466, 0, 0, 12, 12, 1, 0.03%, 0, 0, 2, 2.86
1636969522, 0, 0, 13, 13, 1, 0.03%, 0, 0, 2, 2.32
1636969633, 0, 0, 14, 14, 1, 0.03%, 0, 0, 2, 3.12
1636969737, 0, 0, 15, 15, 1, 0.03%, 0, 0, 2, 3.19
1636969814, 0, 0, 16, 16, 1, 0.03%, 0, 0, 2, 3.27
1636970510, 0, 0, 17, 17, 1, 0.03%, 0, 0, 2, 4.89
1636971412, 0, 0, 18, 18, 1, 0.03%, 0, 0, 2, 203.18
1636971417, 0, 0, 22, 22, 1, 0.03%, 0, 0, 2, 39.53
1636971422, 0, 0, 26, 26, 1, 0.03%, 0, 0, 2, 3.34
1636971428, 0, 0, 27, 27, 1, 0.03%, 0, 0, 2, 5.32
1636972376, 0, 0, 28, 28, 1, 0.03%, 0, 0, 2, 3.38
1636972391, 0, 0, 29, 29, 1, 0.03%, 0, 0, 2, 3.36
1636972822, 0, 0, 30, 30, 1, 0.03%, 0, 0, 2, 6.54
1636972827, 0, 0, 31, 31, 1, 0.03%, 0, 0, 2, 49.76
1636972905, 0, 0, 32, 32, 1, 0.03%, 0, 0, 2, 8.36
1636972910, 0, 0, 35, 35, 1, 0.03%, 0, 0, 2, 15.68
1636972915, 0, 0, 38, 38, 1, 0.03%, 0, 0, 2, 14.23
1636972920, 0, 0, 39, 39, 1, 0.03%, 0, 0, 2, 16.43
1636972925, 0, 0, 41, 41, 1, 0.03%, 0, 0, 2, 14.09
1636972930, 0, 0, 43, 43, 1, 0.03%, 0, 0, 2, 13.77
1636972935, 0, 0, 45, 45, 1, 0.03%, 1, 0, 2, 14.76
1636972940, 0, 0, 46, 46, 1, 0.04%, 1, 0, 2, 15.02
1636972946, 0, 0, 47, 47, 1, 0.04%, 1, 0, 2, 16.27
1636972951, 0, 0, 48, 48, 1, 0.04%, 1, 0, 2, 13.89
1636972956, 0, 0, 49, 49, 1, 0.05%, 1, 0, 2, 14.33
1636972961, 0, 0, 50, 50, 1, 0.05%, 1, 0, 2, 2.74
1636972971, 0, 0, 51, 51, 1, 0.05%, 1, 0, 2, 10.44
1636972981, 0, 0, 53, 53, 1, 0.06%, 1, 0, 2, 13.90
1636972986, 0, 0, 54, 54, 1, 0.06%, 1, 0, 2, 10.31
1636973007, 0, 0, 56, 56, 1, 0.06%, 1, 0, 2, 11.62
1636973012, 0, 0, 57, 57, 1, 0.06%, 1, 0, 2, 10.90
1636973017, 0, 0, 59, 59, 1, 0.06%, 1, 0, 2, 12.90
1636973027, 0, 0, 61, 61, 1, 0.06%, 1, 0, 2, 11.74
1636973032, 0, 0, 62, 62, 1, 0.06%, 1, 0, 2, 15.58
1636973043, 0, 0, 63, 63, 1, 0.06%, 1, 0, 2, 10.40
1636973048, 0, 0, 64, 64, 1, 0.06%, 1, 0, 2, 14.22
1636973063, 0, 0, 65, 65, 1, 0.06%, 1, 0, 2, 13.23
1636973068, 0, 0, 66, 66, 1, 0.06%, 1, 0, 2, 12.98
1636973073, 0, 0, 67, 67, 1, 0.06%, 1, 0, 2, 16.05
1636973079, 0, 0, 69, 69, 1, 0.06%, 1, 0, 2, 15.53
1636973084, 0, 0, 71, 71, 1, 0.06%, 1, 0, 2, 10.56
1636973089, 0, 0, 73, 73, 1, 0.06%, 1, 0, 2, 11.53
1636973094, 0, 0, 74, 74, 1, 0.06%, 1, 0, 2, 14.83
1636973104, 0, 0, 75, 75, 1, 0.06%, 1, 0, 2, 16.38
1636973110, 0, 0, 76, 76, 1, 0.06%, 1, 0, 2, 12.87
1636973130, 0, 0, 77, 77, 1, 0.07%, 1, 0, 2, 15.24
1636973161, 0, 0, 79, 79, 1, 0.07%, 1, 0, 2, 10.26
1636973166, 0, 0, 81, 81, 1, 0.07%, 1, 0, 2, 15.24
1636978857, 0, 0, 82, 82, 1, 0.07%, 1, 0, 2, 3.40
1636978970, 0, 0, 83, 83, 1, 0.07%, 1, 0, 2, 3.39
1636979158, 0, 0, 84, 84, 1, 0.07%, 1, 0, 2, 3.38
1637007173, 0, 0, 85, 85, 1, 0.07%, 1, 0, 2, 3.33
1637008666, 0, 0, 86, 86, 1, 0.07%, 1, 0, 2, 25.49
1637008728, 0, 2, 86, 85, 37, 0.07%, 1, 0, 2, 272.08
1637008789, 0, 8, 86, 84, 36, 0.07%, 1, 0, 2, 47.69
1637008799, 0, 8, 87, 85, 36, 0.07%, 1, 0, 3, 133.64
1637008825, 0, 8, 88, 86, 36, 0.07%, 1, 0, 3, 314.02
1637008860, 0, 8, 89, 87, 36, 0.07%, 1, 0, 3, 87.18
1637009189, 0, 14, 89, 86, 33, 0.07%, 1, 0, 3, 3.40
1637010550, 0, 14, 89, 86, 33, 0.07%, 2, 0, 3, 15.27
1637027113, 0, 18, 92, 88, 32, 0.07%, 2, 0, 3, 61.09
1637027691, 0, 18, 93, 89, 32, 0.07%, 2, 0, 3, 51.69
1637028236, 0, 22, 93, 88, 31, 0.07%, 2, 0, 3, 17.32
1637028529, 0, 22, 94, 89, 31, 0.07%, 2, 0, 3, 17.18
1637028544, 0, 22, 95, 90, 31, 0.07%, 2, 0, 3, 17.32
1637028549, 0, 22, 96, 91, 31, 0.07%, 2, 0, 3, 17.07
1637028687, 0, 22, 98, 93, 31, 0.07%, 2, 0, 3, 16.86
1637030040, 0, 26, 98, 92, 31, 0.07%, 2, 0, 3, 120.90
1637030374, 0, 26, 99, 93, 31, 0.07%, 2, 0, 3, 16.58
1637030440, 0, 26, 100, 94, 31, 0.07%, 2, 0, 3, 19.36
1637030977, 0, 26, 101, 95, 31, 0.07%, 2, 0, 3, 26.09
1637031517, 0, 27, 101, 94, 32, 0.07%, 2, 0, 3, 3.40
1637035002, 0, 27, 101, 94, 32, 0.07%, 3, 0, 3, 15.55
1637040881, 0, 27, 102, 95, 32, 0.07%, 3, 0, 3, 3.38
1637040952, 0, 27, 103, 96, 32, 0.07%, 3, 0, 3, 3.40
1637064043, 0, 27, 104, 97, 32, 0.07%, 3, 0, 3, 3.35
1637064618, 0, 27, 105, 98, 32, 0.07%, 3, 0, 3, 3.38
1637064736, 0, 27, 106, 99, 32, 0.07%, 3, 0, 3, 3.32
1637064924, 0, 27, 107, 100, 32, 0.07%, 3, 0, 3, 3.38
1637070838, 0, 28, 107, 99, 36, 0.07%, 3, 0, 3, 159.09
1637073757, 0, 28, 107, 99, 36, 0.07%, 4, 0, 3, 15.77
1637079758, 0, 28, 108, 100, 36, 0.07%, 4, 0, 3, 3.37
1637104979, 0, 29, 108, 99, 35, 0.07%, 4, 0, 3, 11.78
