# unix_time, cycles_done, cur_path, paths_total, pending_total, pending_favs, map_size, unique_crashes, unique_hangs, max_depth, execs_per_sec
1620023211, 0, 0, 1, 1, 1, 2.55%, 0, 0, 1, 1.35
1620023304, 0, 0, 5, 5, 1, 2.57%, 0, 0, 2, 22.14
1620023356, 0, 0, 6, 6, 1, 2.57%, 0, 0, 2, 1.43
1620023711, 0, 0, 7, 7, 1, 2.63%, 0, 0, 2, 0.23
1620023759, 0, 0, 8, 8, 1, 2.63%, 0, 0, 2, 1.38
1620023909, 0, 0, 9, 9, 1, 2.63%, 0, 0, 2, 1.45
1620024347, 0, 0, 10, 10, 1, 2.63%, 0, 0, 2, 1.42
1620024807, 0, 0, 12, 12, 1, 2.69%, 0, 0, 2, 10.01
1620026626, 0, 0, 13, 13, 1, 2.69%, 0, 0, 2, 0.00
