# unix_time, cycles_done, cur_path, paths_total, pending_total, pending_favs, map_size, unique_crashes, unique_hangs, max_depth, execs_per_sec
1636954803, 0, 0, 1, 1, 1, 0.30%, 0, 0, 1, 8.87
1636954808, 0, 0, 15, 15, 1, 0.58%, 0, 0, 2, 201.61
1636954813, 0, 0, 19, 19, 1, 0.58%, 0, 0, 2, 211.53
1636954818, 0, 0, 26, 26, 1, 0.62%, 0, 0, 2, 204.71
1636954828, 0, 0, 32, 32, 1, 0.63%, 0, 0, 2, 204.81
1636954838, 0, 0, 38, 38, 1, 0.64%, 0, 0, 2, 205.93
1636954844, 0, 0, 51, 51, 1, 0.69%, 0, 0, 2, 220.03
1636954849, 0, 0, 54, 54, 1, 0.70%, 0, 0, 2, 208.38
1636954854, 0, 0, 57, 57, 1, 0.70%, 0, 0, 2, 206.77
1636954859, 0, 0, 58, 58, 1, 0.70%, 0, 0, 2, 204.21
1636954869, 0, 0, 59, 59, 1, 0.70%, 0, 0, 2, 207.74
1636954879, 0, 0, 60, 60, 1, 0.70%, 0, 0, 2, 212.23
1636954884, 0, 0, 62, 62, 1, 0.70%, 0, 0, 2, 214.71
1636954889, 0, 0, 63, 63, 1, 0.70%, 0, 0, 2, 220.49
1636954894, 0, 0, 64, 64, 1, 0.71%, 0, 0, 2, 236.24
1636954920, 0, 0, 69, 69, 1, 0.71%, 0, 0, 2, 213.18
1636954960, 0, 0, 85, 85, 1, 0.72%, 0, 0, 2, 245.08
1636954970, 0, 0, 87, 87, 1, 0.72%, 0, 0, 2, 204.51
1636954976, 0, 0, 91, 91, 1, 0.72%, 0, 0, 2, 198.78
1636954986, 0, 0, 92, 92, 1, 0.72%, 0, 0, 2, 194.06
1636954991, 0, 0, 94, 94, 1, 0.73%, 0, 0, 2, 195.93
1636955021, 0, 0, 95, 95, 1, 0.73%, 0, 0, 2, 203.60
1636955047, 0, 0, 96, 96, 1, 0.73%, 0, 0, 2, 208.85
1636955148, 0, 0, 98, 98, 1, 0.73%, 0, 0, 2, 400.15
1636955158, 0, 0, 107, 107, 1, 0.79%, 0, 0, 2, 267.08
1636955163, 0, 0, 124, 124, 1, 0.80%, 0, 0, 2, 233.40
1636955168, 0, 0, 132, 132, 1, 0.87%, 0, 0, 2, 230.93
1636956635, 0, 0, 134, 134, 1, 0.87%, 0, 0, 2, 216.38
1636956640, 0, 0, 135, 135, 1, 0.87%, 0, 0, 2, 213.79
1636956655, 0, 0, 147, 147, 1, 0.87%, 0, 0, 2, 218.84
1636956660, 0, 0, 153, 153, 1, 0.87%, 0, 0, 2, 237.12
1636956665, 0, 0, 156, 156, 1, 0.87%, 0, 0, 2, 237.63
1636956670, 0, 0, 161, 161, 1, 0.87%, 0, 0, 2, 243.69
1636956675, 0, 0, 162, 162, 1, 0.87%, 0, 0, 2, 238.71
1636956680, 0, 0, 165, 165, 1, 0.87%, 0, 0, 2, 241.62
1636956691, 0, 0, 166, 166, 1, 0.87%, 0, 0, 2, 253.35
1636956696, 0, 0, 168, 168, 1, 0.87%, 0, 0, 2, 248.82
1636956701, 0, 0, 172, 172, 1, 0.88%, 0, 0, 2, 240.07
1636956706, 0, 0, 173, 173, 1, 0.88%, 0, 0, 2, 244.13
1636956711, 0, 0, 174, 174, 1, 0.88%, 0, 0, 2, 255.96
1636956716, 0, 0, 176, 176, 1, 0.88%, 0, 0, 2, 255.69
1636956721, 0, 0, 177, 177, 1, 0.88%, 0, 0, 2, 252.46
1636956726, 0, 0, 180, 180, 1, 0.88%, 0, 0, 2, 261.94
1636956731, 0, 0, 181, 181, 1, 0.88%, 0, 0, 2, 275.50
1636956736, 0, 0, 182, 182, 1, 0.88%, 0, 0, 2, 259.85
1636956741, 0, 0, 184, 184, 1, 0.88%, 0, 0, 2, 253.29
1636956746, 0, 0, 185, 185, 1, 0.88%, 0, 0, 2, 261.94
1636956751, 0, 0, 186, 186, 1, 0.88%, 0, 0, 2, 254.15
1636956757, 0, 0, 187, 187, 1, 0.88%, 0, 0, 2, 260.61
1636956772, 0, 0, 188, 188, 1, 0.88%, 0, 0, 2, 252.34
1636956782, 0, 0, 189, 189, 1, 0.88%, 0, 0, 2, 258.33
1636956787, 0, 4, 190, 189, 45, 0.88%, 0, 0, 2, 270.55
1636956878, 0, 5, 194, 192, 44, 0.90%, 1, 0, 3, 267.40
1636956904, 0, 5, 196, 194, 44, 0.91%, 1, 0, 3, 241.14
1636956909, 0, 5, 197, 195, 44, 0.91%, 1, 0, 3, 226.21
1636956965, 0, 5, 198, 196, 44, 0.91%, 1, 0, 3, 205.14
1636956970, 0, 5, 199, 197, 44, 0.91%, 1, 0, 3, 358.56
1636956975, 0, 7, 199, 196, 44, 0.91%, 1, 0, 3, 280.97
1636957072, 0, 8, 199, 195, 43, 0.91%, 1, 0, 3, 293.10
1636957082, 0, 8, 200, 196, 43, 0.91%, 1, 0, 3, 377.11
1636957102, 0, 8, 201, 197, 43, 0.91%, 1, 0, 3, 227.00
1636957163, 0, 9, 201, 196, 42, 0.91%, 1, 0, 3, 293.81
1636957255, 0, 21, 202, 196, 41, 0.91%, 1, 0, 3, 299.11
1636957285, 0, 21, 204, 198, 41, 0.91%, 1, 0, 3, 221.88
1636957346, 0, 41, 205, 198, 41, 0.91%, 1, 0, 3, 333.43
1636957438, 0, 42, 205, 197, 39, 0.91%, 1, 0, 3, 301.94
1636957468, 0, 42, 207, 199, 39, 0.91%, 1, 0, 3, 233.37
1636957529, 0, 51, 207, 198, 37, 0.91%, 1, 0, 3, 282.72
1636957575, 0, 51, 208, 199, 37, 0.91%, 1, 0, 3, 204.25
1636957813, 0, 51, 209, 200, 37, 0.92%, 1, 0, 3, 192.74
1636957981, 0, 51, 210, 201, 37, 0.92%, 1, 0, 3, 208.05
1636959381, 0, 51, 211, 202, 37, 0.92%, 1, 0, 3, 240.87
1636959386, 0, 52, 211, 201, 39, 0.92%, 1, 0, 3, 212.52
1636961288, 0, 52, 212, 202, 39, 0.92%, 1, 0, 3, 251.34
1636961293, 0, 56, 212, 201, 38, 0.92%, 1, 0, 3, 224.41
1636961349, 0, 56, 213, 202, 38, 0.92%, 1, 0, 3, 200.68
1636961593, 0, 56, 214, 203, 38, 0.94%, 1, 0, 3, 196.74
1636963151, 0, 57, 214, 202, 38, 0.94%, 1, 0, 3, 233.47
1636963304, 0, 57, 215, 203, 38, 0.94%, 1, 0, 3, 213.88
1636964069, 0, 57, 216, 204, 38, 0.94%, 1, 0, 3, 273.79
1636964074, 0, 59, 216, 203, 38, 0.94%, 1, 0, 3, 220.39
1636964166, 0, 59, 217, 204, 38, 0.94%, 1, 0, 3, 197.50
1636965922, 0, 61, 217, 203, 37, 0.94%, 1, 0, 3, 229.07
1636966185, 0, 61, 218, 204, 37, 0.94%, 1, 0, 3, 211.40
1636966256, 0, 61, 219, 205, 37, 0.95%, 1, 0, 3, 226.67
1636967608, 0, 62, 219, 204, 36, 0.95%, 1, 0, 3, 269.95
1636967674, 0, 63, 219, 203, 35, 0.95%, 1, 0, 3, 348.80
1636967745, 0, 70, 219, 202, 34, 0.95%, 1, 0, 3, 296.04
1636967791, 0, 70, 220, 203, 34, 0.95%, 1, 0, 3, 266.68
1636967817, 0, 70, 221, 204, 34, 0.95%, 1, 0, 3, 224.27
1636967959, 0, 70, 223, 206, 34, 0.95%, 1, 0, 3, 367.49
1636967964, 0, 70, 224, 207, 34, 0.95%, 1, 0, 3, 400.27
1636967980, 0, 74, 225, 207, 33, 0.95%, 1, 0, 3, 292.68
1636968010, 0, 74, 226, 208, 33, 0.95%, 1, 0, 3, 259.31
1636968020, 0, 74, 227, 209, 33, 0.95%, 1, 0, 3, 247.37
1636968056, 0, 74, 228, 210, 33, 0.95%, 1, 0, 3, 222.76
1636968061, 0, 74, 229, 211, 33, 0.95%, 1, 0, 3, 226.56
1636968263, 0, 74, 230, 212, 33, 0.95%, 1, 0, 3, 253.27
1636968268, 0, 74, 232, 214, 33, 0.95%, 1, 0, 3, 329.53
1636968274, 0, 74, 235, 217, 33, 0.95%, 1, 0, 3, 350.12
1636968279, 0, 74, 237, 219, 33, 0.95%, 1, 0, 3, 350.50
1636968294, 0, 74, 238, 220, 33, 0.95%, 1, 0, 3, 373.09
1636968299, 0, 74, 239, 221, 33, 0.95%, 1, 0, 3, 375.46
1636968309, 0, 74, 240, 222, 33, 0.95%, 1, 0, 3, 365.59
1636968319, 0, 74, 242, 224, 33, 0.95%, 1, 0, 3, 375.58
1636968329, 0, 74, 244, 226, 33, 0.95%, 1, 0, 3, 378.82
1636968339, 0, 74, 245, 227, 33, 0.95%, 1, 0, 3, 386.75
1636968350, 0, 74, 246, 228, 33, 0.95%, 1, 0, 3, 376.20
1636968355, 0, 75, 246, 227, 33, 0.95%, 1, 0, 3, 321.76
1636968380, 0, 75, 248, 229, 33, 0.95%, 1, 0, 3, 235.72
1636968426, 0, 75, 249, 230, 33, 0.95%, 1, 0, 3, 224.71
1636968446, 0, 86, 249, 229, 32, 0.95%, 1, 0, 3, 242.67
1636968619, 0, 86, 250, 230, 32, 0.95%, 1, 0, 3, 209.83
1636970244, 0, 92, 250, 229, 32, 0.95%, 1, 0, 3, 213.44
1636970391, 0, 92, 251, 230, 32, 0.96%, 1, 0, 3, 213.09
1636972086, 0, 96, 251, 229, 32, 0.96%, 1, 0, 3, 286.18
1636972197, 0, 97, 251, 228, 31, 0.96%, 1, 0, 3, 312.69
1636972213, 0, 97, 252, 229, 31, 0.97%, 1, 0, 3, 270.47
1636972335, 0, 106, 252, 228, 31, 0.97%, 1, 0, 3, 122.47
1636972340, 0, 106, 253, 229, 31, 0.97%, 1, 0, 3, 155.21
1636972345, 0, 106, 254, 230, 31, 0.97%, 1, 0, 3, 183.57
1636972356, 0, 106, 255, 231, 31, 0.97%, 1, 0, 3, 205.19
1636972427, 0, 106, 256, 232, 31, 0.97%, 1, 0, 3, 36.48
1636972432, 0, 106, 257, 233, 31, 0.97%, 1, 0, 3, 38.92
1636972529, 0, 106, 259, 235, 31, 1.01%, 1, 0, 3, 40.32
1636972534, 0, 106, 261, 237, 31, 1.01%, 1, 0, 3, 101.28
1636972549, 0, 106, 262, 238, 31, 1.02%, 1, 0, 3, 48.56
1636972630, 0, 128, 262, 237, 32, 1.02%, 1, 0, 3, 249.61
1636972641, 0, 128, 263, 238, 32, 1.03%, 1, 0, 3, 197.50
1636972676, 0, 128, 264, 239, 32, 1.03%, 1, 0, 3, 207.86
1636972681, 0, 128, 265, 240, 32, 1.03%, 1, 0, 3, 194.65
1636972701, 0, 128, 266, 241, 32, 1.03%, 1, 0, 3, 209.62
1636972808, 0, 128, 267, 242, 32, 1.03%, 1, 0, 3, 216.81
1636973016, 0, 128, 268, 243, 32, 1.03%, 1, 0, 3, 237.34
1636973092, 0, 128, 269, 244, 32, 1.03%, 1, 0, 3, 206.71
1636974655, 0, 128, 270, 245, 32, 1.03%, 1, 0, 3, 238.13
1636974665, 0, 130, 270, 244, 33, 1.03%, 1, 0, 3, 250.59
1636975051, 0, 130, 271, 245, 33, 1.12%, 1, 0, 3, 255.49
1636976701, 0, 130, 272, 246, 33, 1.12%, 1, 0, 3, 226.67
1636976711, 0, 132, 272, 245, 33, 1.12%, 1, 0, 3, 240.81
1636978435, 0, 133, 272, 244, 32, 1.12%, 1, 0, 3, 242.46
1636980164, 0, 135, 272, 243, 31, 1.12%, 1, 0, 3, 260.36
1636980834, 0, 137, 272, 242, 30, 1.12%, 1, 0, 3, 278.43
1636981687, 0, 157, 272, 241, 29, 1.12%, 1, 0, 3, 255.31
1636981712, 0, 157, 273, 242, 29, 1.12%, 1, 0, 3, 216.52
1636982032, 0, 157, 275, 244, 29, 1.13%, 1, 0, 3, 212.17
1636982037, 0, 157, 277, 246, 29, 1.13%, 1, 0, 3, 203.80
1636982093, 0, 157, 278, 247, 29, 1.13%, 1, 0, 3, 217.96
1636982189, 0, 157, 279, 248, 29, 1.13%, 1, 0, 3, 205.04
1636982758, 0, 166, 279, 247, 31, 1.13%, 1, 0, 3, 219.38
1636982793, 0, 166, 280, 248, 31, 1.13%, 1, 0, 3, 203.04
1636982798, 0, 166, 282, 250, 31, 1.13%, 1, 0, 3, 202.31
1636984041, 0, 190, 282, 249, 31, 1.13%, 1, 0, 3, 258.11
1636984072, 0, 190, 283, 250, 31, 1.13%, 1, 0, 4, 234.08
1636984127, 0, 191, 283, 249, 30, 1.13%, 1, 0, 4, 324.47
1636984132, 0, 191, 288, 254, 30, 1.14%, 1, 0, 4, 277.07
1636984137, 0, 191, 289, 255, 30, 1.14%, 1, 0, 4, 276.28
1636984168, 0, 191, 290, 256, 30, 1.14%, 1, 0, 4, 215.45
1636984224, 0, 192, 291, 256, 30, 1.15%, 2, 0, 4, 301.14
1636984290, 0, 192, 292, 257, 30, 1.15%, 2, 0, 4, 215.72
1636984321, 0, 198, 292, 256, 30, 1.15%, 2, 0, 4, 278.71
1636984793, 0, 198, 294, 258, 30, 1.15%, 2, 0, 4, 274.77
1636984808, 0, 199, 294, 257, 29, 1.15%, 2, 0, 4, 250.43
1636984813, 0, 199, 294, 257, 29, 1.15%, 3, 0, 4, 261.74
1636984948, 0, 199, 295, 258, 29, 1.15%, 3, 0, 4, 94.53
1636984974, 0, 201, 295, 257, 29, 1.15%, 3, 0, 4, 329.23
1636985065, 0, 205, 295, 256, 28, 1.15%, 3, 0, 4, 334.96
1636985080, 0, 205, 296, 257, 28, 1.15%, 3, 0, 4, 265.25
1636985101, 0, 205, 297, 258, 28, 1.15%, 3, 0, 4, 250.91
1636985192, 0, 206, 297, 257, 27, 1.15%, 3, 0, 4, 275.28
1636985274, 0, 206, 298, 258, 27, 1.15%, 3, 0, 4, 231.24
1636985365, 0, 209, 298, 257, 26, 1.15%, 3, 0, 4, 237.77
1636985406, 0, 209, 299, 258, 26, 1.15%, 3, 0, 4, 206.80
1636985558, 0, 209, 300, 259, 26, 1.15%, 3, 0, 4, 193.98
1636987417, 0, 213, 300, 258, 25, 1.15%, 3, 0, 4, 227.53
1636987427, 0, 213, 305, 263, 25, 1.16%, 3, 0, 4, 208.29
1636987447, 0, 213, 306, 264, 25, 1.16%, 3, 0, 4, 208.69
1636987482, 0, 213, 308, 266, 25, 1.16%, 3, 0, 4, 193.63
1636987706, 0, 213, 309, 267, 25, 1.16%, 3, 0, 4, 199.31
1636988853, 0, 213, 310, 268, 25, 1.16%, 3, 0, 4, 219.77
1636988863, 0, 213, 311, 269, 25, 1.16%, 3, 0, 4, 208.33
1636989264, 0, 213, 312, 270, 25, 1.16%, 3, 0, 4, 231.37
1636989269, 0, 214, 312, 269, 29, 1.16%, 3, 0, 4, 245.55
1636990219, 0, 217, 312, 268, 28, 1.16%, 3, 0, 4, 229.41
1636991921, 0, 217, 313, 269, 28, 1.16%, 3, 0, 4, 269.44
1636991927, 0, 232, 313, 268, 28, 1.16%, 3, 0, 4, 260.36
1636992246, 0, 238, 313, 267, 28, 1.16%, 3, 0, 4, 271.19
1636992540, 0, 249, 313, 266, 27, 1.16%, 3, 0, 4, 309.92
1636993855, 0, 249, 314, 267, 27, 1.16%, 3, 0, 4, 204.23
1636994331, 0, 250, 314, 266, 27, 1.16%, 3, 0, 4, 214.33
1636994580, 0, 250, 315, 267, 27, 1.16%, 3, 0, 4, 193.27
1636996171, 0, 251, 315, 266, 27, 1.16%, 3, 0, 4, 266.19
1636996308, 0, 252, 315, 265, 26, 1.16%, 3, 0, 4, 41.89
1636996625, 0, 252, 316, 266, 26, 1.17%, 3, 0, 4, 40.70
1636996676, 0, 252, 317, 267, 26, 1.17%, 3, 0, 4, 74.20
1636997104, 0, 254, 317, 266, 25, 1.17%, 3, 0, 4, 387.71
1636997881, 0, 255, 317, 265, 24, 1.17%, 3, 0, 4, 46.31
1636998649, 0, 256, 317, 264, 23, 1.17%, 3, 0, 4, 214.29
1636999368, 0, 257, 317, 263, 22, 1.17%, 3, 0, 4, 36.02
1636999373, 0, 257, 319, 265, 22, 1.18%, 3, 0, 4, 35.91
1636999451, 0, 257, 320, 266, 22, 1.18%, 3, 0, 4, 158.65
1636999472, 0, 257, 321, 267, 22, 1.18%, 3, 0, 4, 154.91
1636999530, 0, 257, 323, 269, 22, 1.18%, 3, 0, 4, 72.17
1636999592, 0, 257, 325, 271, 22, 1.18%, 3, 0, 4, 123.03
1637000098, 0, 257, 326, 272, 22, 1.18%, 3, 0, 4, 47.05
1637000103, 0, 257, 327, 273, 22, 1.19%, 3, 0, 4, 41.60
1637000113, 0, 257, 328, 274, 22, 1.19%, 3, 0, 4, 133.68
1637000118, 0, 257, 330, 276, 22, 1.19%, 3, 0, 4, 213.50
1637000205, 0, 263, 330, 275, 26, 1.19%, 3, 0, 4, 277.65
1637000383, 0, 270, 330, 274, 23, 1.19%, 3, 0, 4, 270.89
1637000819, 0, 270, 331, 275, 23, 1.19%, 3, 0, 4, 66.09
1637001292, 0, 270, 332, 276, 23, 1.19%, 3, 0, 4, 46.31
1637003746, 0, 273, 332, 275, 22, 1.19%, 3, 0, 4, 173.72
1637003756, 0, 273, 333, 276, 22, 1.20%, 3, 0, 4, 207.39
1637004304, 0, 273, 334, 277, 22, 1.20%, 3, 0, 4, 207.68
1637004872, 0, 275, 334, 276, 23, 1.20%, 3, 0, 4, 236.88
1637005405, 0, 275, 335, 277, 23, 1.20%, 3, 0, 4, 205.63
1637005974, 0, 276, 335, 276, 23, 1.20%, 3, 0, 4, 247.40
1637006609, 0, 276, 336, 277, 23, 1.20%, 3, 0, 4, 193.70
1637007086, 0, 277, 336, 276, 23, 1.20%, 3, 0, 4, 267.10
1637008204, 0, 277, 337, 277, 23, 1.20%, 3, 0, 4, 231.37
1637008214, 0, 278, 337, 276, 22, 1.20%, 3, 0, 4, 228.54
1637009321, 0, 281, 337, 275, 21, 1.20%, 3, 0, 4, 251.45
1637010590, 0, 281, 338, 276, 21, 1.20%, 3, 0, 4, 240.20
1637010595, 0, 284, 338, 275, 20, 1.20%, 3, 0, 4, 258.60
1637010697, 0, 287, 338, 274, 19, 1.20%, 3, 0, 4, 322.25
1637010798, 0, 290, 338, 273, 18, 1.20%, 3, 0, 4, 325.83
1637010864, 0, 290, 339, 274, 18, 1.20%, 3, 0, 5, 215.94
1637010894, 0, 290, 340, 275, 18, 1.20%, 3, 0, 5, 390.99
1637010905, 0, 294, 340, 274, 18, 1.20%, 3, 0, 5, 41.67
1637011777, 0, 300, 340, 273, 17, 1.20%, 3, 0, 5, 221.45
1637013626, 0, 300, 342, 275, 17, 1.20%, 3, 0, 5, 237.09
1637013641, 0, 300, 343, 276, 17, 1.20%, 4, 0, 5, 243.49
1637013687, 0, 300, 344, 277, 17, 1.20%, 4, 0, 5, 247.43
1637013692, 0, 300, 345, 278, 17, 1.20%, 4, 0, 5, 239.77
1637013732, 0, 300, 346, 279, 17, 1.20%, 4, 0, 5, 251.13
1637013742, 0, 300, 347, 280, 17, 1.20%, 4, 0, 5, 253.02
1637013758, 0, 301, 347, 279, 16, 1.20%, 4, 0, 5, 216.49
1637013763, 0, 301, 348, 280, 16, 1.21%, 4, 0, 5, 204.97
1637015602, 0, 301, 349, 281, 16, 1.21%, 4, 0, 5, 225.84
1637015617, 0, 305, 349, 280, 16, 1.21%, 4, 0, 5, 249.64
1637015684, 0, 305, 350, 281, 16, 1.21%, 4, 0, 5, 211.67
1637017455, 0, 305, 351, 282, 16, 1.21%, 4, 0, 5, 231.33
1637017471, 0, 305, 353, 284, 16, 1.21%, 4, 0, 5, 247.38
1637017521, 0, 312, 353, 283, 16, 1.21%, 4, 0, 5, 248.11
1637019348, 0, 312, 354, 284, 16, 1.21%, 4, 0, 5, 234.63
1637019358, 0, 312, 355, 285, 16, 1.21%, 4, 0, 5, 267.07
1637019383, 0, 313, 355, 284, 15, 1.21%, 4, 0, 5, 216.00
1637020942, 0, 313, 356, 285, 15, 1.21%, 4, 0, 5, 202.46
1637021303, 0, 314, 356, 284, 15, 1.21%, 4, 0, 5, 225.31
1637022299, 0, 314, 357, 285, 15, 1.21%, 4, 0, 5, 201.19
1637023181, 0, 314, 358, 286, 15, 1.21%, 4, 0, 5, 256.20
1637023233, 0, 320, 358, 285, 15, 1.21%, 4, 0, 5, 0.19
1637024455, 0, 325, 358, 284, 13, 1.21%, 4, 0, 5, 35.54
1637024535, 0, 325, 359, 285, 13, 1.22%, 4, 0, 5, 255.46
1637025464, 0, 325, 360, 286, 13, 1.22%, 4, 0, 5, 224.08
1637025581, 0, 326, 360, 285, 14, 1.22%, 4, 0, 5, 217.08
1637025622, 0, 326, 361, 286, 14, 1.23%, 4, 0, 5, 224.08
1637026740, 0, 332, 361, 285, 14, 1.23%, 4, 0, 5, 240.38
1637027247, 0, 332, 362, 286, 14, 1.23%, 4, 0, 5, 220.45
1637027765, 0, 334, 362, 285, 14, 1.23%, 4, 0, 5, 249.19
1637028916, 0, 334, 364, 287, 14, 1.23%, 4, 0, 5, 260.23
1637028941, 0, 335, 364, 286, 13, 1.23%, 4, 0, 5, 269.39
1637030058, 0, 335, 365, 287, 13, 1.23%, 4, 0, 5, 215.78
1637030068, 0, 335, 366, 288, 13, 1.23%, 4, 0, 5, 264.92
1637030078, 0, 338, 366, 287, 12, 1.23%, 4, 0, 5, 280.43
1637030083, 0, 338, 366, 287, 12, 1.23%, 5, 0, 5, 242.47
1637030216, 0, 338, 368, 289, 12, 1.23%, 5, 0, 6, 346.88
1637030236, 0, 339, 368, 288, 12, 1.23%, 5, 0, 6, 311.96
1637030241, 0, 339, 369, 289, 12, 1.23%, 5, 0, 6, 262.09
1637030322, 0, 339, 371, 291, 12, 1.23%, 5, 0, 6, 358.30
1637030327, 0, 339, 373, 293, 12, 1.23%, 5, 0, 6, 427.10
1637030337, 0, 339, 374, 294, 12, 1.23%, 5, 0, 6, 446.05
1637030343, 0, 339, 375, 295, 12, 1.23%, 5, 0, 6, 440.49
1637030348, 0, 339, 376, 296, 12, 1.23%, 5, 0, 6, 441.22
1637030358, 0, 339, 378, 298, 12, 1.23%, 5, 0, 6, 440.11
1637030368, 0, 339, 379, 299, 12, 1.23%, 5, 0, 6, 446.65
1637030393, 0, 343, 379, 298, 12, 1.23%, 5, 0, 6, 391.13
1637030444, 0, 343, 381, 300, 12, 1.23%, 5, 0, 6, 195.95
1637030490, 0, 343, 382, 301, 12, 1.23%, 5, 0, 6, 208.43
1637030622, 0, 343, 386, 305, 12, 1.23%, 5, 0, 6, 199.50
1637031989, 0, 343, 387, 306, 12, 1.23%, 5, 0, 6, 192.69
1637032396, 0, 343, 388, 307, 12, 1.23%, 5, 0, 6, 201.45
1637032411, 0, 343, 390, 309, 12, 1.23%, 5, 0, 6, 237.05
1637032421, 0, 343, 391, 310, 12, 1.23%, 5, 0, 6, 254.24
1637032426, 0, 343, 392, 311, 12, 1.23%, 5, 0, 6, 250.50
1637032507, 0, 343, 393, 312, 12, 1.23%, 5, 0, 6, 240.26
1637032543, 0, 347, 393, 311, 15, 1.23%, 5, 0, 6, 221.86
1637034382, 0, 347, 394, 312, 15, 1.23%, 5, 0, 6, 235.73
1637034397, 0, 350, 394, 311, 14, 1.23%, 5, 0, 6, 218.73
1637036332, 0, 350, 395, 312, 14, 1.23%, 5, 0, 6, 227.17
1637036342, 0, 350, 396, 313, 14, 1.23%, 5, 0, 6, 248.06
1637036347, 0, 350, 397, 314, 14, 1.23%, 5, 0, 6, 255.82
1637036398, 0, 355, 397, 313, 14, 1.23%, 5, 0, 6, 225.29
1637038196, 0, 355, 398, 314, 14, 1.23%, 5, 0, 6, 190.71
1637038368, 0, 356, 398, 313, 13, 1.23%, 5, 0, 6, 215.03
1637038683, 0, 356, 399, 314, 13, 1.23%, 5, 0, 6, 202.82
1637040314, 0, 358, 399, 313, 12, 1.23%, 5, 0, 6, 182.50
1637040319, 0, 358, 400, 314, 12, 1.23%, 5, 0, 6, 150.27
1637041449, 0, 360, 400, 313, 12, 1.23%, 5, 0, 6, 265.16
1637042401, 0, 361, 400, 312, 11, 1.23%, 5, 0, 6, 231.16
1637043402, 0, 372, 400, 311, 10, 1.23%, 5, 0, 6, 271.81
1637043544, 0, 372, 401, 312, 10, 1.23%, 5, 0, 7, 271.98
1637043554, 0, 378, 401, 311, 9, 1.23%, 5, 0, 7, 379.01
1637043620, 0, 380, 401, 310, 8, 1.23%, 5, 0, 7, 268.00
1637045642, 0, 380, 402, 311, 8, 1.23%, 5, 0, 7, 234.91
1637045657, 0, 381, 402, 310, 7, 1.23%, 5, 0, 7, 228.95
1637047700, 0, 384, 402, 309, 6, 1.23%, 5, 0, 7, 216.86
1637047746, 0, 384, 403, 310, 6, 1.23%, 5, 0, 7, 193.12
1637048432, 0, 384, 404, 311, 6, 1.23%, 5, 0, 7, 194.32
1637049753, 0, 384, 405, 312, 6, 1.23%, 5, 0, 7, 235.86
1637049763, 0, 394, 405, 311, 5, 1.23%, 5, 0, 7, 227.28
1637051728, 0, 397, 405, 310, 4, 1.23%, 5, 0, 7, 217.58
1637053781, 0, 399, 405, 309, 4, 1.23%, 5, 0, 7, 37.60
1637054750, 0, 402, 405, 308, 3, 1.23%, 5, 0, 7, 239.27
1637056781, 0, 402, 406, 309, 3, 1.23%, 5, 0, 8, 197.62
1637056797, 0, 402, 407, 310, 3, 1.23%, 5, 0, 8, 220.49
1637056812, 0, 406, 407, 309, 3, 1.23%, 5, 0, 8, 245.93
1637058858, 0, 406, 408, 310, 3, 1.23%, 5, 0, 9, 197.21
1637058873, 0, 406, 409, 311, 3, 1.23%, 5, 0, 9, 241.57
1637058893, 1, 215, 409, 310, 2, 1.23%, 5, 0, 9, 252.02
1637058939, 1, 246, 409, 309, 2, 1.23%, 5, 0, 9, 294.44
1637059117, 1, 286, 409, 308, 2, 1.23%, 5, 0, 9, 270.35
1637059219, 1, 317, 409, 307, 1, 1.23%, 5, 0, 9, 44.04
1637060135, 1, 318, 409, 306, 0, 1.23%, 5, 0, 9, 51.92
1637061252, 1, 322, 409, 305, 0, 1.23%, 5, 0, 9, 35.75
1637062085, 1, 324, 409, 304, 0, 1.23%, 5, 0, 9, 40.28
1637063121, 1, 332, 409, 303, 0, 1.23%, 5, 0, 9, 274.49
1637063126, 1, 333, 409, 303, 0, 1.23%, 5, 0, 9, 221.10
1637064218, 1, 333, 411, 305, 0, 1.23%, 5, 0, 9, 233.72
1637064223, 1, 333, 414, 308, 0, 1.23%, 5, 0, 9, 284.77
1637064288, 1, 333, 415, 309, 0, 1.23%, 5, 0, 9, 299.17
1637064329, 1, 335, 415, 308, 0, 1.23%, 5, 0, 9, 284.11
1637064334, 1, 339, 417, 310, 0, 1.23%, 5, 0, 9, 338.32
1637064339, 1, 342, 417, 310, 0, 1.23%, 5, 0, 9, 293.66
1637064547, 1, 342, 418, 311, 0, 1.23%, 5, 0, 9, 301.42
1637064552, 1, 342, 419, 312, 0, 1.23%, 5, 0, 9, 379.72
1637064568, 1, 342, 420, 313, 0, 1.23%, 5, 0, 9, 392.48
1637064588, 1, 347, 420, 312, 0, 1.23%, 5, 0, 9, 373.56
1637064593, 1, 348, 420, 312, 0, 1.23%, 5, 0, 9, 247.48
1637065705, 1, 348, 422, 314, 0, 1.23%, 5, 0, 9, 226.15
1637065735, 1, 348, 423, 315, 0, 1.23%, 5, 0, 9, 284.88
1637065761, 1, 348, 424, 316, 0, 1.23%, 5, 0, 9, 292.39
1637065791, 1, 348, 425, 317, 0, 1.23%, 5, 0, 9, 298.69
1637065816, 1, 349, 425, 316, 0, 1.23%, 5, 0, 9, 293.50
1637067663, 1, 349, 427, 318, 0, 1.23%, 5, 0, 9, 255.33
1637067689, 1, 355, 427, 317, 0, 1.23%, 5, 0, 9, 277.39
1637067694, 1, 357, 427, 317, 0, 1.23%, 5, 0, 9, 244.88
1637069706, 1, 360, 427, 316, 0, 1.23%, 5, 0, 9, 276.75
1637069712, 1, 364, 427, 316, 0, 1.23%, 5, 0, 9, 250.16
1637070848, 1, 364, 428, 317, 0, 1.23%, 5, 0, 9, 274.05
1637070858, 1, 365, 428, 316, 0, 1.23%, 5, 0, 9, 255.00
1637071964, 1, 365, 430, 318, 0, 1.23%, 5, 0, 9, 242.89
1637071994, 1, 366, 430, 317, 0, 1.23%, 6, 0, 9, 257.72
1637072239, 1, 366, 431, 318, 0, 1.23%, 6, 0, 9, 359.07
1637072249, 1, 374, 431, 317, 0, 1.23%, 6, 0, 9, 318.14
1637072402, 1, 377, 431, 316, 0, 1.23%, 6, 0, 9, 325.63
1637072473, 1, 377, 432, 317, 0, 1.23%, 6, 0, 9, 232.60
1637072554, 1, 379, 432, 316, 0, 1.23%, 6, 0, 9, 294.14
1637074576, 1, 379, 433, 317, 0, 1.23%, 6, 0, 9, 240.58
1637074591, 1, 381, 433, 316, 0, 1.23%, 6, 0, 9, 255.39
1637074596, 1, 383, 433, 316, 0, 1.23%, 6, 0, 9, 217.40
1637075302, 1, 383, 434, 317, 0, 1.23%, 6, 0, 9, 200.74
1637076596, 1, 392, 434, 316, 0, 1.23%, 6, 0, 9, 243.30
1637076601, 1, 392, 435, 317, 0, 1.23%, 6, 0, 9, 209.68
1637078871, 1, 393, 435, 316, 0, 1.23%, 6, 0, 9, 246.38
1637080048, 1, 393, 437, 318, 0, 1.23%, 6, 0, 9, 256.01
1637080058, 1, 393, 438, 319, 0, 1.23%, 6, 0, 9, 293.50
1637080104, 1, 396, 438, 318, 0, 1.23%, 6, 0, 9, 244.77
1637082095, 1, 399, 438, 317, 0, 1.23%, 6, 0, 9, 262.60
1637082100, 1, 406, 439, 318, 0, 1.23%, 6, 0, 9, 260.57
1637082105, 1, 409, 439, 318, 0, 1.23%, 6, 0, 9, 222.92
1637083268, 1, 413, 439, 317, 0, 1.23%, 6, 0, 9, 222.63
1637083807, 1, 413, 440, 318, 0, 1.23%, 6, 0, 9, 205.87
1637085680, 1, 413, 441, 319, 0, 1.23%, 6, 0, 9, 244.98
1637085685, 1, 413, 443, 321, 0, 1.23%, 6, 0, 9, 246.81
1637085690, 1, 413, 444, 322, 0, 1.23%, 6, 0, 9, 253.38
1637085700, 1, 413, 445, 323, 0, 1.23%, 6, 0, 9, 254.93
1637085710, 1, 413, 447, 325, 0, 1.23%, 6, 0, 9, 250.12
1637085736, 1, 413, 448, 326, 0, 1.23%, 6, 0, 9, 266.42
1637085807, 1, 425, 448, 325, 0, 1.23%, 6, 0, 9, 262.74
1637088032, 1, 426, 448, 324, 0, 1.23%, 6, 0, 9, 241.58
1637089195, 1, 426, 449, 325, 0, 1.23%, 6, 0, 9, 260.23
1637089220, 1, 427, 449, 324, 0, 1.23%, 6, 0, 9, 273.67
1637089321, 1, 427, 450, 325, 0, 1.24%, 6, 0, 9, 255.79
1637090331, 1, 449, 450, 324, 1, 1.24%, 6, 0, 9, 265.58
1637090514, 2, 10, 450, 323, 0, 1.24%, 6, 0, 9, 343.14
1637092361, 2, 10, 451, 324, 0, 1.24%, 6, 0, 9, 266.91
1637092366, 2, 14, 451, 323, 0, 1.24%, 6, 0, 9, 220.24
1637094232, 2, 16, 451, 322, 0, 1.24%, 6, 0, 9, 224.80
1637096070, 2, 16, 452, 323, 0, 1.24%, 6, 0, 9, 257.38
1637096075, 2, 16, 453, 324, 0, 1.24%, 6, 0, 9, 269.96
1637096080, 2, 18, 453, 323, 0, 1.24%, 6, 0, 9, 271.64
1637097902, 2, 23, 453, 322, 0, 1.24%, 6, 0, 9, 285.69
1637098004, 2, 28, 453, 321, 0, 1.24%, 6, 0, 9, 277.70
1637098095, 2, 29, 453, 320, 0, 1.24%, 6, 0, 9, 286.40
1637098161, 2, 30, 453, 319, 0, 1.24%, 7, 0, 9, 296.78
1637098171, 2, 30, 453, 319, 0, 1.24%, 9, 0, 9, 384.75
1637098248, 2, 30, 454, 320, 0, 1.25%, 9, 0, 9, 274.25
1637098253, 2, 125, 454, 319, 1, 1.25%, 9, 0, 9, 347.15
1637100200, 2, 382, 454, 318, 1, 1.25%, 9, 0, 9, 244.74
1637102256, 2, 392, 455, 318, 1, 1.25%, 9, 0, 9, 273.72
1637102261, 2, 453, 455, 318, 1, 1.25%, 9, 0, 9, 233.49
1637102322, 2, 453, 456, 319, 1, 1.25%, 9, 0, 9, 204.73
1637102419, 2, 453, 457, 320, 1, 1.26%, 9, 0, 9, 194.27
1637110695, 2, 455, 457, 319, 2, 1.26%, 9, 0, 9, 206.80
1637119112, 2, 455, 457, 319, 2, 1.26%, 10, 0, 9, 216.83
1637119117, 2, 456, 457, 318, 1, 1.26%, 10, 0, 9, 193.90
1637120469, 2, 456, 457, 318, 1, 1.26%, 11, 0, 9, 184.01
1637120905, 2, 456, 457, 318, 1, 1.26%, 12, 0, 9, 186.17
1637121244, 2, 456, 458, 319, 1, 1.26%, 12, 0, 9, 212.59
1637129812, 2, 456, 459, 320, 1, 1.26%, 12, 0, 9, 215.56
1637129822, 2, 456, 460, 321, 1, 1.26%, 12, 0, 9, 216.94
1637129842, 2, 456, 461, 322, 1, 1.26%, 12, 0, 9, 215.17
1637129868, 2, 456, 462, 323, 1, 1.26%, 12, 0, 9, 173.15
1637129964, 2, 457, 462, 322, 1, 1.26%, 12, 0, 9, 171.62
