# unix_time, cycles_done, cur_path, paths_total, pending_total, pending_favs, map_size, unique_crashes, unique_hangs, max_depth, execs_per_sec
1637139238, 0, 0, 1, 1, 1, 0.03%, 0, 0, 1, 0.12
1637139258, 0, 0, 4, 4, 1, 0.03%, 0, 0, 2, 9.05
1637139274, 0, 0, 5, 5, 1, 0.03%, 0, 0, 2, 3.46
1637139367, 0, 0, 6, 6, 1, 0.03%, 0, 0, 2, 2.32
1637139372, 0, 0, 7, 7, 1, 0.03%, 0, 0, 2, 2.27
1637139481, 0, 0, 8, 8, 1, 0.03%, 0, 0, 2, 2.33
1637139522, 0, 0, 9, 9, 1, 0.03%, 0, 0, 2, 2.63
1637139657, 0, 0, 10, 10, 1, 0.03%, 0, 0, 2, 2.16
1637139817, 0, 0, 11, 11, 1, 0.03%, 0, 0, 2, 2.23
1637139894, 0, 0, 12, 12, 1, 0.03%, 0, 0, 2, 2.21
1637139993, 0, 0, 13, 13, 1, 0.03%, 0, 0, 2, 2.25
1637140008, 0, 0, 14, 14, 1, 0.03%, 0, 0, 2, 2.34
1637140132, 0, 0, 15, 15, 1, 0.03%, 0, 0, 2, 2.26
1637140237, 0, 0, 16, 16, 1, 0.03%, 0, 0, 2, 2.20
1637140826, 0, 0, 17, 17, 1, 0.03%, 0, 0, 2, 10.03
1637141712, 0, 0, 18, 18, 1, 0.03%, 0, 0, 2, 87.90
1637141718, 0, 0, 23, 23, 1, 0.03%, 0, 0, 2, 31.74
1637141723, 0, 0, 26, 26, 1, 0.03%, 0, 0, 2, 26.50
1637141785, 0, 0, 27, 27, 1, 0.03%, 0, 0, 2, 3.29
1637142292, 0, 0, 28, 28, 1, 0.03%, 0, 0, 2, 3.25
1637143244, 0, 0, 30, 30, 1, 0.03%, 0, 0, 2, 39.58
1637143249, 0, 0, 31, 31, 1, 0.03%, 0, 0, 2, 42.56
1637143346, 0, 0, 34, 34, 1, 0.03%, 0, 0, 2, 38.14
1637143351, 0, 0, 35, 35, 1, 0.03%, 0, 0, 2, 20.87
1637143357, 0, 0, 37, 37, 1, 0.03%, 0, 0, 2, 11.23
1637143362, 0, 0, 38, 38, 1, 0.03%, 0, 0, 2, 13.16
1637143367, 0, 0, 40, 40, 1, 0.03%, 0, 0, 2, 12.53
1637143372, 0, 0, 41, 41, 1, 0.03%, 0, 0, 2, 12.73
1637143377, 0, 0, 44, 44, 1, 0.04%, 1, 0, 2, 12.63
1637143382, 0, 0, 45, 45, 1, 0.04%, 1, 0, 2, 2.69
1637143392, 0, 0, 46, 46, 1, 0.04%, 1, 0, 2, 12.59
1637143397, 0, 0, 47, 47, 1, 0.04%, 1, 0, 2, 13.26
1637143402, 0, 0, 48, 48, 1, 0.04%, 1, 0, 2, 10.21
1637143408, 0, 0, 49, 49, 1, 0.05%, 1, 0, 2, 7.00
1637143418, 0, 0, 51, 51, 1, 0.05%, 1, 0, 2, 6.52
1637143428, 0, 0, 53, 53, 1, 0.06%, 1, 0, 2, 11.88
1637143434, 0, 0, 54, 54, 1, 0.06%, 1, 0, 2, 13.55
1637143459, 0, 0, 56, 56, 1, 0.06%, 1, 0, 2, 9.66
1637143464, 0, 0, 57, 57, 1, 0.06%, 1, 0, 2, 9.58
1637143470, 0, 0, 58, 58, 1, 0.06%, 1, 0, 2, 11.95
1637143475, 0, 0, 59, 59, 1, 0.06%, 1, 0, 2, 13.84
1637143480, 0, 0, 60, 60, 1, 0.06%, 1, 0, 2, 9.66
1637143485, 0, 0, 62, 62, 1, 0.06%, 1, 0, 2, 13.74
1637143495, 0, 0, 63, 63, 1, 0.06%, 1, 0, 2, 10.68
1637143506, 0, 0, 64, 64, 1, 0.06%, 1, 0, 2, 9.05
1637143521, 0, 0, 65, 65, 1, 0.06%, 1, 0, 2, 9.99
1637143526, 0, 0, 67, 67, 1, 0.06%, 1, 0, 2, 12.51
1637143536, 0, 0, 69, 69, 1, 0.06%, 1, 0, 2, 14.63
1637143541, 0, 0, 71, 71, 1, 0.06%, 1, 0, 2, 10.87
1637143547, 0, 0, 73, 73, 1, 0.06%, 1, 0, 2, 9.30
1637143552, 0, 0, 74, 74, 1, 0.06%, 1, 0, 2, 13.46
1637143557, 0, 0, 75, 75, 1, 0.06%, 1, 0, 2, 14.70
1637143562, 0, 0, 76, 76, 1, 0.06%, 1, 0, 2, 14.35
1637143572, 0, 0, 77, 77, 1, 0.06%, 1, 0, 2, 9.41
1637143593, 0, 0, 78, 78, 1, 0.07%, 1, 0, 2, 13.90
1637143609, 0, 0, 79, 79, 1, 0.07%, 1, 0, 2, 12.05
1637143629, 0, 0, 81, 81, 1, 0.07%, 1, 0, 2, 10.06
1637143640, 0, 0, 83, 83, 1, 0.07%, 1, 0, 2, 14.30
1637149810, 0, 0, 84, 84, 1, 0.07%, 1, 0, 2, 2.39
1637149970, 0, 0, 85, 85, 1, 0.07%, 1, 0, 2, 3.25
1637149981, 0, 0, 86, 86, 1, 0.07%, 1, 0, 2, 3.25
1637150174, 0, 0, 87, 87, 1, 0.07%, 1, 0, 2, 3.27
1637179337, 0, 0, 88, 88, 1, 0.07%, 1, 0, 2, 3.25
1637180882, 0, 0, 89, 89, 1, 0.07%, 1, 0, 2, 12.60
1637180954, 0, 1, 89, 88, 39, 0.07%, 1, 0, 2, 86.46
1637181448, 0, 2, 89, 87, 38, 0.07%, 1, 0, 2, 116.75
1637181565, 0, 3, 89, 86, 37, 0.07%, 1, 0, 2, 66.34
1637184921, 0, 8, 90, 86, 36, 0.07%, 1, 0, 3, 82.90
1637184936, 0, 8, 91, 87, 36, 0.07%, 1, 0, 3, 77.95
1637184997, 0, 8, 92, 88, 36, 0.07%, 1, 0, 3, 136.41
1637185054, 0, 8, 93, 89, 36, 0.07%, 1, 0, 3, 62.18
1637185485, 0, 8, 94, 90, 36, 0.07%, 1, 0, 3, 108.77
1637185490, 0, 10, 94, 89, 34, 0.07%, 1, 0, 3, 114.65
1637186031, 0, 10, 94, 89, 34, 0.07%, 2, 0, 3, 14.49
1637186164, 0, 10, 95, 90, 34, 0.07%, 2, 0, 3, 15.10
1637191914, 0, 18, 95, 89, 34, 0.07%, 2, 0, 3, 24.32
1637192269, 0, 18, 96, 90, 34, 0.07%, 2, 0, 3, 20.26
1637192295, 0, 18, 97, 91, 34, 0.07%, 2, 0, 3, 25.33
1637192669, 0, 18, 98, 92, 34, 0.07%, 2, 0, 3, 15.42
1637192675, 0, 18, 99, 93, 34, 0.07%, 2, 0, 3, 15.53
1637192685, 0, 18, 100, 94, 34, 0.07%, 2, 0, 3, 15.22
1637192829, 0, 18, 101, 95, 34, 0.07%, 2, 0, 3, 15.41
1637196062, 0, 18, 102, 96, 34, 0.07%, 2, 0, 3, 15.62
1637199869, 0, 26, 102, 95, 35, 0.07%, 2, 0, 3, 3.40
1637200193, 0, 26, 102, 95, 35, 0.07%, 3, 0, 3, 14.14
1637202278, 0, 27, 102, 94, 34, 0.07%, 3, 0, 3, 22.70
1637205922, 0, 27, 102, 94, 34, 0.07%, 4, 0, 3, 14.12
1637212244, 0, 27, 103, 95, 34, 0.07%, 4, 0, 3, 3.26
1637212317, 0, 27, 104, 96, 34, 0.07%, 4, 0, 3, 3.21
1637228285, 0, 27, 105, 97, 34, 0.07%, 4, 0, 3, 3.27
1637231725, 0, 27, 106, 98, 34, 0.07%, 4, 0, 3, 3.25
1637231850, 0, 27, 107, 99, 34, 0.07%, 4, 0, 3, 3.28
1637232044, 0, 27, 108, 100, 34, 0.07%, 4, 0, 3, 3.24
1637243838, 0, 27, 109, 101, 34, 0.07%, 4, 0, 3, 8.01
1637243906, 0, 29, 109, 100, 37, 0.07%, 4, 0, 3, 129.19
1637283195, 0, 30, 109, 99, 36, 0.07%, 4, 0, 3, 46.56
1637288896, 0, 32, 109, 98, 35, 0.07%, 4, 0, 3, 50.63
1637289532, 0, 32, 110, 99, 35, 0.07%, 4, 0, 3, 11.97
1637292476, 0, 33, 110, 98, 34, 0.07%, 4, 0, 3, 55.87
1637292992, 0, 33, 111, 99, 34, 0.07%, 4, 0, 3, 15.54
1637295886, 0, 37, 111, 98, 33, 0.07%, 4, 0, 3, 5.75
