# unix_time, cycles_done, cur_path, paths_total, pending_total, pending_favs, map_size, unique_crashes, unique_hangs, max_depth, execs_per_sec
1629010394, 0, 0, 1, 1, 1, 0.01%, 0, 0, 1, 0.20
1629010399, 0, 0, 9, 9, 1, 0.02%, 0, 0, 2, 59.93
1629010404, 0, 0, 15, 15, 1, 0.02%, 0, 0, 2, 62.02
1629010414, 0, 0, 18, 18, 1, 0.02%, 0, 0, 2, 72.07
1629010425, 0, 0, 19, 19, 1, 0.02%, 0, 0, 2, 75.32
1629010430, 0, 0, 24, 24, 1, 0.02%, 0, 0, 2, 74.19
1629010435, 0, 0, 26, 26, 1, 0.02%, 0, 0, 2, 75.05
1629010461, 0, 0, 32, 32, 1, 0.02%, 0, 0, 2, 72.29
1629010481, 0, 0, 33, 33, 1, 0.02%, 0, 0, 2, 77.59
1629010486, 0, 0, 35, 35, 1, 0.02%, 0, 0, 2, 75.47
1629010491, 0, 0, 36, 36, 1, 0.02%, 0, 0, 2, 76.10
1629010497, 0, 0, 42, 42, 1, 0.02%, 0, 0, 2, 90.82
1629010502, 0, 0, 49, 49, 1, 0.02%, 0, 0, 2, 68.72
1629010512, 0, 0, 51, 51, 1, 0.02%, 0, 0, 2, 74.00
1629010517, 0, 0, 54, 54, 1, 0.02%, 0, 0, 2, 76.83
1629010533, 0, 0, 55, 55, 1, 0.02%, 0, 0, 2, 77.52
1629010538, 0, 0, 57, 57, 1, 0.02%, 0, 0, 2, 77.40
1629010553, 0, 0, 58, 58, 1, 0.02%, 0, 0, 2, 77.76
1629010574, 0, 0, 59, 59, 1, 0.02%, 0, 0, 2, 77.78
1629010605, 0, 0, 60, 60, 1, 0.02%, 0, 0, 2, 77.66
1629010620, 0, 0, 62, 62, 1, 0.02%, 0, 0, 2, 69.46
1629010636, 0, 0, 63, 63, 1, 0.02%, 0, 0, 2, 74.72
1629010646, 0, 0, 64, 64, 1, 0.02%, 0, 0, 2, 82.07
1629010708, 0, 0, 67, 67, 1, 0.02%, 0, 0, 2, 86.73
1629010713, 0, 0, 69, 69, 1, 0.02%, 0, 0, 2, 69.28
1629010816, 0, 0, 73, 73, 1, 0.02%, 0, 0, 2, 90.95
1629010821, 0, 0, 83, 83, 1, 0.02%, 0, 0, 2, 76.12
1629010826, 0, 0, 87, 87, 1, 0.02%, 0, 0, 2, 66.84
1629010852, 0, 0, 88, 88, 1, 0.02%, 0, 0, 2, 72.98
1629010867, 0, 0, 89, 89, 1, 0.02%, 0, 0, 2, 77.84
1629010872, 0, 0, 92, 92, 1, 0.02%, 0, 0, 2, 77.61
1629010908, 0, 0, 93, 93, 1, 0.02%, 0, 0, 2, 77.69
1629010996, 0, 0, 94, 94, 1, 0.02%, 0, 0, 2, 77.70
1629011001, 0, 0, 96, 96, 1, 0.02%, 0, 0, 2, 77.54
1629011047, 0, 0, 97, 97, 1, 0.02%, 0, 0, 2, 77.72
1629011052, 0, 0, 98, 98, 1, 0.02%, 0, 0, 2, 77.09
1629011325, 0, 0, 100, 100, 1, 0.02%, 0, 0, 2, 145.09
1629011356, 0, 0, 102, 102, 1, 0.02%, 0, 0, 2, 63.64
1629011361, 0, 0, 107, 107, 1, 0.02%, 0, 0, 2, 61.52
1629011366, 0, 0, 112, 112, 1, 0.02%, 0, 0, 2, 61.07
1629011371, 0, 0, 115, 115, 1, 0.02%, 0, 0, 2, 62.03
1629011376, 0, 0, 117, 117, 1, 0.02%, 0, 0, 2, 62.31
1629011381, 0, 0, 120, 120, 1, 0.02%, 0, 0, 2, 72.38
1629011386, 0, 0, 125, 125, 1, 0.03%, 0, 0, 2, 74.22
1629011391, 0, 0, 127, 127, 1, 0.03%, 0, 0, 2, 69.34
1629011396, 0, 0, 128, 128, 1, 0.03%, 0, 0, 2, 65.18
1629015212, 0, 0, 129, 129, 1, 0.03%, 0, 0, 2, 72.09
1629015217, 0, 0, 131, 131, 1, 0.03%, 0, 0, 2, 64.12
1629015257, 0, 0, 141, 141, 1, 0.03%, 0, 0, 2, 80.82
1629015262, 0, 0, 147, 147, 1, 0.03%, 0, 0, 2, 79.39
1629015267, 0, 0, 149, 149, 1, 0.03%, 0, 0, 2, 84.44
1629015273, 0, 0, 151, 151, 1, 0.03%, 0, 0, 2, 86.13
1629015278, 0, 0, 153, 153, 1, 0.03%, 0, 0, 2, 86.54
1629015288, 0, 0, 155, 155, 1, 0.03%, 0, 0, 2, 87.08
1629015298, 0, 0, 156, 156, 1, 0.03%, 0, 0, 2, 88.74
1629015303, 0, 0, 158, 158, 1, 0.03%, 0, 0, 2, 84.25
1629015314, 0, 0, 159, 159, 1, 0.03%, 0, 0, 2, 88.44
1629015319, 0, 0, 160, 160, 1, 0.03%, 0, 0, 2, 86.27
1629015324, 0, 0, 161, 161, 1, 0.03%, 0, 0, 2, 85.45
1629015329, 0, 0, 162, 162, 1, 0.03%, 0, 0, 2, 89.33
1629015340, 0, 0, 164, 164, 1, 0.03%, 0, 0, 2, 85.59
1629015345, 0, 0, 165, 165, 1, 0.03%, 0, 0, 2, 86.10
1629015355, 0, 0, 166, 166, 1, 0.03%, 0, 0, 2, 87.13
1629015365, 0, 0, 167, 167, 1, 0.03%, 0, 0, 2, 87.73
1629015370, 0, 0, 168, 168, 1, 0.03%, 0, 0, 2, 86.60
1629015386, 0, 0, 169, 169, 1, 0.03%, 0, 0, 2, 87.72
1629015401, 0, 0, 170, 170, 1, 0.03%, 0, 0, 2, 86.55
1629015406, 0, 0, 172, 172, 1, 0.03%, 0, 0, 2, 85.49
1629015417, 0, 0, 173, 173, 1, 0.03%, 0, 0, 2, 85.92
1629015422, 0, 0, 174, 174, 1, 0.03%, 0, 0, 2, 85.91
1629015432, 0, 0, 175, 175, 1, 0.03%, 0, 0, 2, 88.36
1629015448, 0, 0, 176, 176, 1, 0.03%, 0, 0, 2, 86.74
1629015458, 0, 0, 177, 177, 1, 0.03%, 0, 0, 2, 86.33
1629015463, 0, 0, 178, 178, 1, 0.03%, 0, 0, 2, 87.81
1629015473, 0, 0, 179, 179, 1, 0.03%, 0, 0, 2, 88.22
1629015510, 0, 0, 180, 180, 1, 0.03%, 0, 0, 2, 90.24
1629015530, 0, 0, 181, 181, 1, 0.03%, 0, 0, 2, 90.06
1629015556, 0, 0, 182, 182, 1, 0.03%, 0, 0, 2, 87.42
1629015582, 0, 0, 183, 183, 1, 0.03%, 0, 0, 2, 85.50
1629015633, 0, 0, 184, 184, 1, 0.03%, 0, 0, 2, 85.65
1629015638, 0, 0, 186, 186, 1, 0.03%, 0, 0, 2, 85.10
1629015680, 0, 0, 187, 187, 1, 0.03%, 0, 0, 2, 87.12
1629015747, 0, 0, 188, 188, 1, 0.03%, 0, 0, 2, 84.50
1629015788, 0, 0, 189, 189, 1, 0.03%, 0, 0, 2, 85.86
1629015808, 0, 0, 190, 190, 1, 0.03%, 0, 0, 2, 85.21
1629015829, 0, 0, 191, 191, 1, 0.03%, 0, 0, 2, 84.21
1629015850, 0, 0, 192, 192, 1, 0.03%, 0, 0, 2, 88.65
1629015927, 0, 0, 193, 193, 1, 0.03%, 0, 0, 2, 87.09
1629015948, 0, 0, 194, 194, 1, 0.03%, 0, 0, 2, 86.30
1629015999, 0, 0, 195, 195, 1, 0.03%, 0, 0, 2, 86.57
1629016050, 0, 0, 196, 196, 1, 0.03%, 0, 0, 2, 85.98
1629016097, 0, 0, 197, 197, 1, 0.03%, 0, 0, 2, 88.01
1629016112, 0, 0, 198, 198, 1, 0.03%, 0, 0, 2, 89.19
1629016184, 0, 4, 198, 197, 48, 0.03%, 0, 0, 2, 77.49
1629016491, 0, 7, 198, 196, 47, 0.03%, 0, 0, 2, 110.36
1629016527, 0, 7, 199, 197, 47, 0.03%, 0, 0, 3, 82.76
1629016797, 0, 8, 199, 196, 46, 0.03%, 0, 0, 3, 134.20
1629016873, 0, 8, 200, 197, 46, 0.03%, 0, 0, 3, 61.58
1629016894, 0, 8, 201, 198, 46, 0.03%, 0, 0, 3, 76.90
1629017093, 0, 21, 201, 197, 46, 0.03%, 0, 0, 3, 140.74
1629017104, 0, 21, 202, 198, 46, 0.03%, 0, 0, 3, 76.34
1629017114, 0, 21, 203, 199, 46, 0.03%, 0, 0, 3, 82.49
1629017185, 0, 21, 204, 200, 46, 0.03%, 0, 0, 3, 60.85
1629017410, 0, 30, 204, 199, 45, 0.03%, 3, 0, 3, 96.16
1629017415, 0, 30, 204, 199, 45, 0.03%, 6, 0, 3, 87.10
1629017440, 0, 30, 204, 199, 45, 0.03%, 8, 0, 3, 94.37
1629017716, 0, 33, 204, 198, 44, 0.03%, 8, 0, 3, 131.23
1629017741, 0, 33, 205, 199, 44, 0.03%, 8, 0, 3, 77.53
1629022565, 0, 33, 206, 200, 44, 0.03%, 8, 0, 3, 84.49
1629022586, 0, 33, 207, 201, 44, 0.03%, 8, 0, 3, 85.72
1629022596, 0, 33, 208, 202, 44, 0.03%, 8, 0, 3, 88.30
1629022612, 0, 33, 209, 203, 44, 0.03%, 8, 0, 3, 85.51
1629022668, 0, 33, 210, 204, 44, 0.03%, 8, 0, 3, 87.84
1629022746, 0, 33, 211, 205, 44, 0.03%, 8, 0, 3, 85.67
1629022756, 0, 33, 212, 206, 44, 0.03%, 8, 0, 3, 89.32
1629022833, 0, 33, 214, 208, 44, 0.03%, 8, 0, 3, 85.32
1629022875, 0, 33, 216, 210, 44, 0.03%, 8, 0, 3, 85.55
1629022941, 0, 33, 217, 211, 44, 0.03%, 8, 0, 3, 86.96
1629023003, 0, 33, 218, 212, 44, 0.03%, 8, 0, 3, 88.43
1629023055, 0, 33, 219, 213, 44, 0.03%, 8, 0, 3, 88.91
1629023111, 0, 33, 220, 214, 44, 0.03%, 8, 0, 3, 86.61
1629023230, 0, 33, 221, 215, 44, 0.03%, 8, 0, 3, 85.15
1629023482, 0, 41, 221, 214, 43, 0.03%, 8, 0, 3, 77.82
1629023784, 0, 41, 222, 215, 43, 0.03%, 8, 0, 3, 154.48
1629023809, 0, 42, 222, 214, 41, 0.03%, 8, 0, 3, 97.77
1629024121, 0, 47, 222, 213, 41, 0.03%, 8, 0, 3, 140.40
1629024126, 0, 47, 223, 214, 41, 0.03%, 8, 0, 3, 112.29
1629024132, 0, 47, 224, 215, 41, 0.03%, 8, 0, 3, 93.79
1629024193, 0, 47, 225, 216, 41, 0.03%, 8, 0, 3, 65.46
1629024219, 0, 47, 226, 217, 41, 0.03%, 8, 0, 3, 75.98
1629024224, 0, 47, 227, 218, 41, 0.03%, 8, 0, 3, 83.92
1629024368, 0, 47, 228, 219, 41, 0.03%, 8, 0, 3, 153.27
1629024378, 0, 53, 228, 218, 42, 0.03%, 8, 0, 3, 166.60
1629024562, 0, 53, 229, 219, 42, 0.03%, 8, 0, 3, 75.42
1629025061, 0, 56, 229, 218, 41, 0.03%, 8, 0, 3, 113.57
1629029899, 0, 56, 230, 219, 41, 0.03%, 8, 0, 3, 86.87
1629029941, 0, 59, 230, 218, 40, 0.03%, 8, 0, 3, 79.00
1629034801, 0, 62, 230, 217, 39, 0.03%, 8, 0, 3, 83.63
1629034913, 0, 62, 231, 218, 39, 0.03%, 8, 0, 3, 66.03
1629035011, 0, 63, 231, 217, 38, 0.03%, 8, 0, 3, 148.04
1629035047, 0, 63, 232, 218, 38, 0.03%, 8, 0, 3, 32.14
1629035191, 0, 72, 233, 218, 36, 0.03%, 8, 0, 3, 109.29
1629035421, 0, 72, 234, 219, 36, 0.03%, 8, 0, 3, 61.74
1629035528, 0, 72, 235, 220, 36, 0.03%, 8, 0, 3, 62.52
1629035538, 0, 72, 236, 221, 36, 0.03%, 8, 0, 3, 61.72
1629036268, 0, 80, 236, 220, 35, 0.03%, 8, 0, 3, 104.74
1629036361, 0, 80, 237, 221, 35, 0.03%, 8, 0, 3, 60.03
1629036376, 0, 80, 238, 222, 35, 0.03%, 8, 0, 3, 59.77
1629036580, 0, 82, 238, 221, 33, 0.03%, 8, 0, 3, 139.14
1629036585, 0, 82, 239, 222, 33, 0.03%, 8, 0, 3, 97.31
1629036667, 0, 82, 240, 223, 33, 0.03%, 8, 0, 3, 81.50
1629036729, 0, 82, 241, 224, 33, 0.03%, 8, 0, 3, 62.68
1629036734, 0, 82, 242, 225, 33, 0.03%, 8, 0, 3, 62.58
1629036744, 0, 82, 243, 226, 33, 0.03%, 8, 0, 3, 65.55
1629037223, 0, 82, 244, 227, 33, 0.03%, 8, 0, 3, 126.91
1629037258, 0, 94, 244, 226, 32, 0.03%, 8, 0, 3, 86.27
1629037724, 0, 94, 245, 227, 32, 0.03%, 8, 0, 3, 72.95
1629042333, 0, 99, 245, 226, 32, 0.03%, 8, 0, 3, 80.26
1629042389, 0, 99, 246, 227, 32, 0.03%, 8, 0, 3, 85.18
1629042806, 0, 107, 246, 226, 31, 0.03%, 8, 0, 3, 96.47
1629042811, 0, 107, 247, 227, 31, 0.03%, 8, 0, 3, 72.29
1629042826, 0, 107, 248, 228, 31, 0.03%, 8, 0, 3, 57.42
1629042862, 0, 107, 249, 229, 31, 0.03%, 8, 0, 3, 66.83
1629042939, 0, 107, 250, 230, 31, 0.03%, 8, 0, 3, 60.58
1629043097, 0, 107, 252, 232, 31, 0.03%, 8, 0, 3, 49.49
1629043108, 0, 107, 253, 233, 31, 0.03%, 8, 0, 3, 46.78
1629043118, 0, 107, 254, 234, 31, 0.03%, 8, 0, 3, 53.49
1629043133, 0, 107, 255, 235, 31, 0.03%, 8, 0, 3, 47.03
1629043419, 0, 109, 255, 234, 35, 0.03%, 8, 0, 3, 105.67
1629043858, 0, 109, 256, 235, 35, 0.03%, 8, 0, 3, 74.83
1629043863, 0, 109, 257, 236, 35, 0.03%, 8, 0, 3, 73.50
1629044199, 0, 109, 258, 237, 35, 0.03%, 8, 0, 3, 77.66
1629048523, 0, 124, 258, 236, 36, 0.03%, 8, 0, 3, 82.22
1629048554, 0, 124, 259, 237, 36, 0.03%, 8, 0, 3, 71.47
1629048641, 0, 124, 260, 238, 36, 0.03%, 8, 0, 3, 68.43
1629048687, 0, 124, 261, 239, 36, 0.03%, 8, 0, 3, 73.95
1629048707, 0, 124, 262, 240, 36, 0.03%, 8, 0, 3, 74.10
1629049573, 0, 124, 263, 241, 36, 0.03%, 8, 0, 3, 60.55
1629049794, 0, 124, 264, 242, 36, 0.03%, 8, 0, 3, 71.59
1629053938, 0, 124, 265, 243, 36, 0.03%, 8, 0, 3, 84.65
1629053964, 0, 124, 266, 244, 36, 0.03%, 8, 0, 3, 86.39
1629054026, 0, 124, 267, 245, 36, 0.03%, 8, 0, 3, 88.98
1629054257, 0, 126, 267, 244, 36, 0.03%, 8, 0, 3, 82.03
1629055307, 0, 126, 268, 245, 36, 0.03%, 8, 0, 3, 60.29
1629059724, 0, 126, 269, 246, 36, 0.03%, 8, 0, 3, 85.57
1629059786, 0, 137, 269, 245, 35, 0.03%, 8, 0, 3, 78.23
1629065202, 0, 139, 269, 244, 34, 0.03%, 8, 0, 3, 91.79
1629065752, 0, 148, 269, 243, 33, 0.03%, 8, 0, 3, 116.20
1629065758, 0, 148, 273, 247, 33, 0.04%, 8, 0, 3, 94.12
1629065783, 0, 148, 274, 248, 33, 0.04%, 8, 0, 3, 67.06
1629065891, 0, 148, 275, 249, 33, 0.04%, 8, 0, 3, 59.39
1629066065, 0, 161, 275, 248, 31, 0.04%, 8, 0, 3, 160.70
1629069360, 0, 161, 277, 250, 31, 0.04%, 8, 0, 3, 82.41
1629069375, 0, 161, 278, 251, 31, 0.04%, 8, 0, 3, 87.37
1629069582, 0, 176, 278, 250, 30, 0.04%, 8, 0, 3, 82.92
1629072077, 0, 178, 278, 249, 29, 0.04%, 8, 0, 3, 83.90
1629072082, 0, 178, 279, 250, 29, 0.04%, 8, 0, 3, 89.94
1629072291, 0, 178, 280, 251, 29, 0.04%, 8, 0, 3, 65.85
1629072368, 0, 178, 281, 252, 29, 0.04%, 8, 0, 3, 162.68
1629072388, 0, 190, 281, 251, 29, 0.04%, 8, 0, 3, 156.63
1629072695, 0, 196, 281, 250, 28, 0.04%, 8, 0, 3, 113.21
1629073028, 0, 196, 281, 250, 28, 0.04%, 9, 0, 3, 83.79
1629073100, 0, 198, 281, 249, 27, 0.04%, 9, 0, 3, 129.78
1629073376, 0, 199, 281, 248, 26, 0.04%, 9, 0, 3, 154.46
1629073648, 0, 199, 282, 249, 26, 0.04%, 9, 0, 4, 56.60
1629073889, 0, 201, 282, 248, 25, 0.04%, 9, 0, 4, 101.17
1629074184, 0, 202, 282, 247, 24, 0.04%, 9, 0, 4, 134.84
1629074397, 0, 203, 282, 246, 23, 0.04%, 9, 0, 4, 126.15
1629074525, 0, 203, 283, 247, 23, 0.04%, 9, 0, 4, 61.15
1629074805, 0, 204, 283, 246, 22, 0.04%, 9, 0, 4, 100.42
1629079666, 0, 204, 284, 247, 22, 0.04%, 9, 0, 4, 87.24
1629079687, 0, 204, 285, 248, 22, 0.04%, 9, 0, 4, 86.67
1629079774, 0, 210, 285, 247, 21, 0.04%, 9, 0, 4, 85.92
1629079867, 0, 210, 286, 248, 21, 0.04%, 9, 0, 4, 78.16
1629082520, 0, 213, 286, 247, 20, 0.04%, 9, 0, 4, 83.13
1629082540, 0, 213, 287, 248, 20, 0.04%, 9, 0, 4, 78.21
1629085213, 0, 213, 288, 249, 20, 0.04%, 9, 0, 4, 90.93
1629085264, 0, 216, 288, 248, 21, 0.04%, 9, 0, 4, 82.21
1629086210, 0, 216, 289, 249, 21, 0.04%, 9, 0, 4, 77.70
1629087885, 0, 217, 289, 248, 20, 0.04%, 9, 0, 4, 90.58
1629087957, 0, 217, 290, 249, 20, 0.04%, 9, 0, 4, 77.01
1629090892, 0, 217, 291, 250, 20, 0.04%, 9, 0, 4, 96.01
1629090922, 0, 219, 291, 249, 19, 0.04%, 9, 0, 4, 91.73
1629090933, 0, 219, 292, 250, 19, 0.04%, 9, 0, 4, 77.97
1629091323, 0, 219, 293, 251, 19, 0.04%, 9, 0, 4, 78.07
1629091779, 0, 219, 294, 252, 19, 0.04%, 9, 0, 4, 77.91
1629092758, 0, 219, 297, 255, 19, 0.04%, 9, 0, 4, 77.95
1629092764, 0, 219, 298, 256, 19, 0.04%, 9, 0, 4, 78.17
1629093405, 0, 219, 299, 257, 19, 0.04%, 9, 0, 4, 77.73
1629093759, 0, 219, 300, 258, 19, 0.04%, 9, 0, 4, 97.70
1629093805, 0, 226, 300, 257, 24, 0.04%, 9, 0, 4, 81.10
1629094102, 0, 226, 301, 258, 24, 0.04%, 9, 0, 4, 52.00
1629094303, 0, 226, 302, 259, 24, 0.04%, 9, 0, 4, 139.26
1629094308, 0, 226, 303, 260, 24, 0.04%, 9, 0, 4, 155.97
1629094348, 0, 228, 303, 259, 23, 0.04%, 9, 0, 4, 105.78
1629095150, 0, 231, 303, 258, 22, 0.04%, 9, 0, 4, 109.29
1629095482, 0, 239, 303, 257, 21, 0.04%, 9, 0, 4, 121.50
1629095559, 0, 239, 304, 258, 21, 0.04%, 9, 0, 4, 85.18
1629095631, 0, 239, 305, 259, 21, 0.04%, 9, 0, 4, 66.12
1629096113, 0, 244, 305, 258, 21, 0.04%, 9, 0, 4, 95.74
1629097504, 0, 244, 306, 259, 21, 0.04%, 9, 0, 4, 77.25
