# unix_time, cycles_done, cur_path, paths_total, pending_total, pending_favs, map_size, unique_crashes, unique_hangs, max_depth, execs_per_sec
1629010249, 0, 0, 1, 1, 1, 0.01%, 0, 0, 1, 0.20
1629010254, 0, 0, 15, 15, 1, 0.02%, 0, 0, 2, 94.57
1629010264, 0, 0, 18, 18, 1, 0.02%, 0, 0, 2, 92.55
1629010275, 0, 0, 21, 21, 1, 0.02%, 0, 0, 2, 92.09
1629010280, 0, 0, 26, 26, 1, 0.02%, 0, 0, 2, 92.28
1629010300, 0, 0, 32, 32, 1, 0.02%, 0, 0, 2, 91.52
1629010321, 0, 0, 34, 34, 1, 0.02%, 0, 0, 2, 81.54
1629010326, 0, 0, 36, 36, 1, 0.02%, 0, 0, 2, 78.21
1629010331, 0, 0, 40, 40, 1, 0.02%, 0, 0, 2, 85.08
1629010336, 0, 0, 49, 49, 1, 0.02%, 0, 0, 2, 80.98
1629010347, 0, 0, 51, 51, 1, 0.02%, 0, 0, 2, 77.36
1629010352, 0, 0, 54, 54, 1, 0.02%, 0, 0, 2, 79.86
1629010367, 0, 0, 55, 55, 1, 0.02%, 0, 0, 2, 76.30
1629010372, 0, 0, 57, 57, 1, 0.02%, 0, 0, 2, 74.81
1629010388, 0, 0, 58, 58, 1, 0.02%, 0, 0, 2, 77.08
1629010408, 0, 0, 59, 59, 1, 0.02%, 0, 0, 2, 69.06
1629010444, 0, 0, 60, 60, 1, 0.02%, 0, 0, 2, 71.14
1629010459, 0, 0, 61, 61, 1, 0.02%, 0, 0, 2, 65.85
1629010464, 0, 0, 62, 62, 1, 0.02%, 0, 0, 2, 69.08
1629010474, 0, 0, 63, 63, 1, 0.02%, 0, 0, 2, 66.63
1629010490, 0, 0, 64, 64, 1, 0.02%, 0, 0, 2, 72.10
1629010556, 0, 0, 69, 69, 1, 0.02%, 0, 0, 2, 80.77
1629010672, 0, 0, 78, 78, 1, 0.02%, 0, 0, 2, 81.96
1629010677, 0, 0, 85, 85, 1, 0.02%, 0, 0, 2, 71.13
1629010683, 0, 0, 86, 86, 1, 0.02%, 0, 0, 2, 62.34
1629010713, 0, 0, 88, 88, 1, 0.02%, 0, 0, 2, 69.42
1629010728, 0, 0, 89, 89, 1, 0.02%, 0, 0, 2, 71.56
1629010733, 0, 0, 91, 91, 1, 0.02%, 0, 0, 2, 71.55
1629010764, 0, 0, 92, 92, 1, 0.02%, 0, 0, 2, 71.52
1629010769, 0, 0, 93, 93, 1, 0.02%, 0, 0, 2, 71.38
1629010774, 0, 0, 94, 94, 1, 0.02%, 0, 0, 2, 71.69
1629010789, 0, 0, 95, 95, 1, 0.02%, 0, 0, 2, 71.70
1629010860, 0, 0, 96, 96, 1, 0.02%, 0, 0, 2, 71.78
1629010870, 0, 0, 98, 98, 1, 0.02%, 0, 0, 2, 71.56
1629011219, 0, 0, 100, 100, 1, 0.02%, 0, 0, 2, 168.54
1629011250, 0, 0, 101, 101, 1, 0.02%, 0, 0, 2, 59.98
1629011255, 0, 0, 105, 105, 1, 0.02%, 0, 0, 2, 57.97
1629011260, 0, 0, 110, 110, 1, 0.02%, 0, 0, 2, 57.90
1629011265, 0, 0, 115, 115, 1, 0.02%, 0, 0, 2, 57.87
1629011270, 0, 0, 122, 122, 1, 0.02%, 0, 0, 2, 58.97
1629011275, 0, 0, 124, 124, 1, 0.02%, 0, 0, 2, 63.25
1629011280, 0, 0, 126, 126, 1, 0.02%, 0, 0, 2, 68.34
1629011285, 0, 0, 131, 131, 1, 0.03%, 0, 0, 2, 68.54
1629011296, 0, 0, 132, 132, 1, 0.03%, 0, 0, 2, 59.77
1629013146, 0, 0, 133, 133, 1, 0.03%, 0, 0, 2, 71.15
1629015426, 0, 0, 134, 134, 1, 0.03%, 0, 0, 2, 66.04
1629015431, 0, 0, 136, 136, 1, 0.03%, 0, 0, 2, 59.95
1629015472, 0, 0, 145, 145, 1, 0.03%, 0, 0, 2, 74.32
1629015478, 0, 0, 150, 150, 1, 0.03%, 0, 0, 2, 80.09
1629015483, 0, 0, 152, 152, 1, 0.03%, 0, 0, 2, 82.27
1629015488, 0, 0, 154, 154, 1, 0.03%, 0, 0, 2, 81.66
1629015493, 0, 0, 157, 157, 1, 0.03%, 0, 0, 2, 79.60
1629015498, 0, 0, 159, 159, 1, 0.03%, 0, 0, 2, 80.13
1629015514, 0, 0, 162, 162, 1, 0.03%, 0, 0, 2, 79.18
1629015524, 0, 0, 164, 164, 1, 0.03%, 0, 0, 2, 80.63
1629015534, 0, 0, 167, 167, 1, 0.03%, 0, 0, 2, 81.78
1629015540, 0, 0, 168, 168, 1, 0.03%, 0, 0, 2, 80.40
1629015545, 0, 0, 170, 170, 1, 0.03%, 0, 0, 2, 82.22
1629015575, 0, 0, 171, 171, 1, 0.03%, 0, 0, 2, 81.52
1629015591, 0, 0, 172, 172, 1, 0.03%, 0, 0, 2, 83.40
1629015596, 0, 0, 173, 173, 1, 0.03%, 0, 0, 2, 84.58
1629015607, 0, 0, 175, 175, 1, 0.03%, 0, 0, 2, 83.24
1629015617, 0, 0, 176, 176, 1, 0.03%, 0, 0, 2, 80.58
1629015622, 0, 0, 177, 177, 1, 0.03%, 0, 0, 2, 82.96
1629015627, 0, 0, 178, 178, 1, 0.03%, 0, 0, 2, 80.40
1629015648, 0, 0, 179, 179, 1, 0.03%, 0, 0, 2, 85.39
1629015673, 0, 0, 180, 180, 1, 0.03%, 0, 0, 2, 80.86
1629015684, 0, 0, 181, 181, 1, 0.03%, 0, 0, 2, 83.28
1629015735, 0, 0, 182, 182, 1, 0.03%, 0, 0, 2, 81.85
1629015740, 0, 0, 182, 182, 1, 0.03%, 1, 0, 2, 81.72
1629015756, 0, 0, 183, 183, 1, 0.03%, 1, 0, 2, 79.01
1629015797, 0, 0, 184, 184, 1, 0.03%, 1, 0, 2, 82.57
1629015833, 0, 0, 185, 185, 1, 0.03%, 1, 0, 2, 80.11
1629015854, 0, 0, 186, 186, 1, 0.03%, 1, 0, 2, 80.98
1629015879, 0, 0, 187, 187, 1, 0.03%, 1, 0, 2, 81.87
1629015900, 0, 0, 188, 188, 1, 0.03%, 1, 0, 2, 81.46
1629015941, 0, 0, 189, 189, 1, 0.03%, 1, 0, 2, 77.83
1629015952, 0, 0, 190, 190, 1, 0.03%, 1, 0, 2, 79.42
1629015972, 0, 0, 191, 191, 1, 0.03%, 1, 0, 2, 82.15
1629015998, 0, 0, 192, 192, 1, 0.03%, 1, 0, 2, 79.47
1629016039, 0, 0, 193, 193, 1, 0.03%, 1, 0, 2, 78.99
1629016060, 0, 0, 194, 194, 1, 0.03%, 1, 0, 2, 81.65
1629016148, 0, 0, 195, 195, 1, 0.03%, 1, 0, 2, 82.80
1629016158, 0, 0, 196, 196, 1, 0.03%, 1, 0, 2, 82.14
1629016163, 0, 0, 197, 197, 1, 0.03%, 1, 0, 2, 82.08
1629016256, 0, 0, 197, 197, 1, 0.03%, 2, 0, 2, 82.47
1629016297, 0, 0, 198, 198, 1, 0.03%, 2, 0, 2, 82.06
1629016379, 0, 0, 199, 199, 1, 0.03%, 2, 0, 2, 82.68
1629016400, 0, 0, 200, 200, 1, 0.03%, 2, 0, 2, 81.77
1629016411, 0, 0, 201, 201, 1, 0.03%, 2, 0, 2, 81.27
1629016457, 0, 1, 201, 200, 49, 0.03%, 2, 0, 2, 104.48
1629016682, 0, 4, 201, 199, 48, 0.03%, 2, 0, 2, 126.30
1629017013, 0, 5, 201, 198, 46, 0.03%, 3, 0, 2, 113.19
1629017018, 0, 5, 202, 199, 46, 0.03%, 3, 0, 3, 95.70
1629017023, 0, 5, 203, 200, 46, 0.03%, 3, 0, 3, 87.80
1629017085, 0, 5, 204, 201, 46, 0.03%, 3, 0, 3, 62.41
1629017100, 0, 5, 205, 202, 46, 0.03%, 3, 0, 3, 78.47
1629017116, 0, 5, 206, 203, 46, 0.03%, 3, 0, 3, 79.73
1629017265, 0, 5, 207, 204, 46, 0.03%, 3, 0, 3, 63.98
1629017280, 0, 7, 207, 203, 45, 0.03%, 3, 0, 3, 160.09
1629017321, 0, 7, 209, 205, 45, 0.03%, 3, 0, 3, 72.25
1629017611, 0, 8, 209, 204, 46, 0.03%, 3, 0, 3, 116.89
1629017714, 0, 8, 210, 205, 46, 0.03%, 3, 0, 3, 72.11
1629017927, 0, 9, 210, 204, 45, 0.03%, 3, 0, 3, 111.01
1629018243, 0, 9, 210, 204, 45, 0.03%, 4, 0, 3, 149.27
1629018258, 0, 13, 210, 203, 44, 0.03%, 4, 0, 3, 89.97
1629023530, 0, 13, 211, 204, 44, 0.03%, 4, 0, 3, 80.36
1629023561, 0, 14, 211, 203, 43, 0.03%, 4, 0, 3, 76.39
1629024379, 0, 14, 212, 204, 43, 0.03%, 4, 0, 3, 71.99
1629028831, 0, 19, 212, 203, 43, 0.03%, 4, 0, 3, 72.76
1629029419, 0, 19, 213, 204, 43, 0.03%, 4, 0, 3, 53.74
1629029814, 0, 19, 214, 205, 43, 0.03%, 4, 0, 3, 58.45
1629030086, 0, 19, 215, 206, 43, 0.03%, 4, 0, 3, 58.26
1629035195, 0, 19, 216, 207, 43, 0.03%, 4, 0, 3, 73.01
1629035236, 0, 19, 217, 208, 43, 0.03%, 4, 0, 3, 73.08
1629035308, 0, 21, 217, 207, 43, 0.03%, 4, 0, 3, 69.13
1629035318, 0, 21, 218, 208, 43, 0.03%, 4, 0, 3, 68.41
1629035655, 0, 31, 218, 207, 43, 0.03%, 4, 0, 3, 154.78
1629041176, 0, 33, 218, 206, 42, 0.03%, 4, 0, 3, 69.67
1629046438, 0, 33, 219, 207, 42, 0.03%, 4, 0, 3, 82.21
1629046463, 0, 33, 220, 208, 42, 0.03%, 4, 0, 3, 80.78
1629046474, 0, 33, 221, 209, 42, 0.03%, 4, 0, 3, 81.78
1629046530, 0, 33, 223, 211, 42, 0.03%, 4, 0, 3, 79.59
1629046701, 0, 33, 224, 212, 42, 0.03%, 4, 0, 3, 82.02
1629046747, 0, 33, 225, 213, 42, 0.03%, 4, 0, 3, 81.60
1629046814, 0, 33, 226, 214, 42, 0.03%, 4, 0, 3, 85.36
1629046866, 0, 33, 227, 215, 42, 0.03%, 4, 0, 3, 82.78
1629047011, 0, 33, 228, 216, 42, 0.03%, 4, 0, 3, 83.08
1629047042, 0, 33, 229, 217, 42, 0.03%, 4, 0, 3, 82.95
1629047181, 0, 33, 230, 218, 42, 0.03%, 4, 0, 3, 81.01
1629047387, 0, 41, 230, 217, 43, 0.03%, 4, 0, 3, 75.92
1629047718, 0, 42, 230, 216, 42, 0.03%, 4, 0, 3, 100.93
1629047754, 0, 42, 231, 217, 42, 0.03%, 4, 0, 3, 86.53
1629048049, 0, 46, 231, 216, 41, 0.03%, 4, 0, 3, 124.82
1629048054, 0, 46, 231, 216, 41, 0.03%, 5, 0, 3, 102.98
1629048121, 0, 46, 232, 217, 41, 0.03%, 5, 0, 3, 61.93
1629048142, 0, 46, 233, 218, 41, 0.03%, 5, 0, 3, 81.51
1629048322, 0, 49, 233, 217, 41, 0.03%, 5, 0, 3, 102.51
1629048637, 0, 50, 233, 216, 40, 0.03%, 5, 0, 3, 144.67
1629049889, 0, 50, 235, 218, 40, 0.03%, 5, 0, 3, 71.79
1629049894, 0, 50, 236, 219, 40, 0.03%, 5, 0, 3, 71.73
1629049899, 0, 50, 237, 220, 40, 0.03%, 5, 0, 3, 71.66
1629053889, 0, 50, 238, 221, 40, 0.03%, 5, 0, 3, 82.37
1629053941, 0, 52, 238, 220, 41, 0.03%, 5, 0, 3, 74.77
1629059208, 0, 56, 238, 219, 40, 0.03%, 5, 0, 3, 73.03
1629064432, 0, 56, 240, 221, 40, 0.03%, 5, 0, 3, 83.87
1629064545, 0, 59, 240, 220, 40, 0.03%, 5, 0, 3, 73.07
1629064805, 0, 59, 241, 221, 40, 0.03%, 5, 0, 3, 69.67
1629069801, 0, 62, 241, 220, 40, 0.03%, 5, 0, 3, 89.35
1629070016, 0, 78, 241, 219, 39, 0.03%, 5, 0, 3, 146.25
1629070277, 0, 78, 242, 220, 39, 0.03%, 5, 0, 3, 59.89
1629070328, 0, 78, 243, 221, 39, 0.03%, 5, 0, 3, 148.24
1629070333, 0, 78, 244, 222, 39, 0.03%, 5, 0, 3, 156.10
1629070353, 0, 78, 245, 223, 39, 0.03%, 5, 0, 3, 170.39
1629070358, 0, 78, 246, 224, 39, 0.03%, 5, 0, 3, 164.49
1629070465, 0, 78, 247, 225, 39, 0.03%, 5, 0, 3, 161.06
1629070667, 0, 78, 248, 226, 39, 0.03%, 5, 0, 3, 159.40
1629070804, 0, 96, 248, 225, 38, 0.03%, 5, 0, 3, 146.92
1629071286, 0, 96, 249, 226, 38, 0.03%, 5, 0, 3, 70.90
1629076089, 0, 97, 249, 225, 38, 0.03%, 5, 0, 3, 73.46
1629076508, 0, 97, 250, 226, 38, 0.03%, 5, 0, 3, 71.32
1629081229, 0, 99, 250, 225, 38, 0.03%, 5, 0, 3, 73.75
1629081285, 0, 99, 251, 226, 38, 0.03%, 5, 0, 3, 102.98
1629081728, 0, 105, 251, 225, 37, 0.03%, 5, 0, 3, 123.30
1629081733, 0, 105, 252, 226, 37, 0.03%, 5, 0, 3, 73.00
1629081738, 0, 105, 253, 227, 37, 0.03%, 5, 0, 3, 61.77
1629081789, 0, 105, 254, 228, 37, 0.03%, 5, 0, 3, 63.31
1629081815, 0, 105, 255, 229, 37, 0.03%, 5, 0, 3, 73.60
1629081866, 0, 105, 256, 230, 37, 0.03%, 5, 0, 3, 57.20
1629082034, 0, 105, 257, 231, 37, 0.03%, 5, 0, 3, 49.82
1629082039, 0, 105, 258, 232, 37, 0.03%, 5, 0, 3, 45.76
1629082049, 0, 105, 261, 235, 37, 0.03%, 5, 0, 3, 44.93
1629082059, 0, 105, 262, 236, 37, 0.03%, 5, 0, 3, 48.36
1629082075, 0, 105, 263, 237, 37, 0.03%, 5, 0, 3, 46.91
1629082373, 0, 127, 263, 236, 40, 0.03%, 5, 0, 3, 117.28
1629082496, 0, 127, 264, 237, 40, 0.03%, 5, 0, 3, 66.25
1629082522, 0, 127, 265, 238, 40, 0.03%, 5, 0, 3, 68.39
1629082547, 0, 127, 266, 239, 40, 0.03%, 5, 0, 3, 68.48
1629082568, 0, 127, 267, 240, 40, 0.03%, 5, 0, 3, 68.52
1629083688, 0, 127, 268, 241, 40, 0.03%, 5, 0, 3, 67.57
1629088177, 0, 127, 269, 242, 40, 0.03%, 5, 0, 3, 80.00
1629088265, 0, 128, 269, 241, 40, 0.03%, 5, 0, 3, 70.77
1629088777, 0, 128, 270, 242, 40, 0.03%, 5, 0, 3, 71.70
1629089392, 0, 128, 271, 243, 40, 0.03%, 5, 0, 3, 57.13
1629094135, 0, 130, 271, 242, 40, 0.03%, 5, 0, 3, 75.56
1629095266, 0, 130, 272, 243, 40, 0.04%, 5, 0, 3, 56.94
