# unix_time, cycles_done, cur_path, paths_total, pending_total, pending_favs, map_size, unique_crashes, unique_hangs, max_depth, execs_per_sec
1630579380, 0, 0, 1, 1, 1, 0.01%, 0, 0, 1, 0.19
1630579417, 0, 0, 2, 2, 1, 0.01%, 0, 0, 2, 4.59
1630579427, 0, 0, 3, 3, 1, 0.02%, 0, 0, 2, 4.04
1630579432, 0, 0, 4, 4, 1, 0.02%, 0, 0, 2, 3.95
1630579442, 0, 0, 5, 5, 1, 0.02%, 0, 0, 2, 4.17
1630579448, 0, 0, 6, 6, 1, 0.02%, 0, 0, 2, 4.79
1630579453, 0, 0, 7, 7, 1, 0.02%, 0, 0, 2, 4.91
1630579468, 0, 0, 8, 8, 1, 0.02%, 0, 0, 2, 4.70
1630579473, 0, 0, 9, 9, 1, 0.02%, 0, 0, 2, 5.07
1630579478, 0, 0, 10, 10, 1, 0.02%, 0, 0, 2, 5.24
1630579484, 0, 0, 12, 12, 1, 0.02%, 0, 0, 2, 5.79
1630579494, 0, 0, 14, 14, 1, 0.02%, 0, 0, 2, 9.01
1630579499, 0, 0, 15, 15, 1, 0.02%, 0, 0, 2, 9.85
1630579566, 0, 0, 16, 16, 1, 0.02%, 0, 0, 2, 10.15
1630579576, 0, 0, 17, 17, 1, 0.02%, 0, 0, 2, 10.14
1630579581, 0, 0, 18, 18, 1, 0.02%, 0, 0, 2, 10.12
1630579648, 0, 0, 19, 19, 1, 0.02%, 0, 0, 2, 10.19
1630579690, 0, 0, 20, 20, 1, 0.02%, 0, 0, 2, 10.11
1630579695, 0, 0, 22, 22, 1, 0.02%, 0, 0, 2, 9.72
1630579700, 0, 0, 24, 24, 1, 0.02%, 0, 0, 2, 10.04
1630579710, 0, 0, 25, 25, 1, 0.02%, 0, 0, 2, 10.43
1630579715, 0, 0, 26, 26, 1, 0.02%, 0, 0, 2, 10.38
1630579911, 0, 0, 28, 28, 1, 0.02%, 0, 0, 2, 9.91
1630579916, 0, 0, 29, 29, 1, 0.02%, 0, 0, 2, 9.26
1630579921, 0, 0, 32, 32, 1, 0.02%, 0, 0, 2, 9.67
1630580075, 0, 0, 33, 33, 1, 0.02%, 0, 0, 2, 9.85
1630580100, 0, 0, 34, 34, 1, 0.02%, 0, 0, 2, 9.85
1630580121, 0, 0, 35, 35, 1, 0.02%, 0, 0, 2, 9.64
1630580151, 0, 0, 36, 36, 1, 0.02%, 0, 0, 2, 9.89
1630580172, 0, 0, 37, 37, 1, 0.02%, 0, 0, 2, 10.10
1630580177, 0, 0, 38, 38, 1, 0.02%, 0, 0, 2, 9.25
1630580198, 0, 0, 40, 40, 1, 0.02%, 0, 0, 2, 101.88
1630580203, 0, 0, 41, 41, 1, 0.02%, 0, 0, 2, 9.16
1630580208, 0, 0, 42, 42, 1, 0.02%, 0, 0, 2, 9.06
1630580213, 0, 0, 43, 43, 1, 0.02%, 0, 0, 2, 8.90
1630580218, 0, 0, 45, 45, 1, 0.02%, 0, 0, 2, 8.65
1630580223, 0, 0, 46, 46, 1, 0.02%, 0, 0, 2, 8.87
1630580228, 0, 0, 47, 47, 1, 0.02%, 0, 0, 2, 10.01
1630580233, 0, 0, 48, 48, 1, 0.02%, 0, 0, 2, 11.48
1630580238, 0, 0, 49, 49, 1, 0.02%, 0, 0, 2, 10.40
1630580290, 0, 0, 50, 50, 1, 0.02%, 0, 0, 2, 9.75
1630580300, 0, 0, 51, 51, 1, 0.02%, 0, 0, 2, 9.88
1630580331, 0, 0, 52, 52, 1, 0.02%, 0, 0, 2, 9.88
1630580336, 0, 0, 53, 53, 1, 0.02%, 0, 0, 2, 9.94
1630580357, 0, 0, 54, 54, 1, 0.02%, 0, 0, 2, 9.89
1630580469, 0, 0, 55, 55, 1, 0.02%, 0, 0, 2, 9.94
1630580515, 0, 0, 56, 56, 1, 0.02%, 0, 0, 2, 9.89
1630580526, 0, 0, 57, 57, 1, 0.02%, 0, 0, 2, 9.83
1630580613, 0, 0, 58, 58, 1, 0.02%, 0, 0, 2, 9.87
1630580797, 0, 0, 59, 59, 1, 0.02%, 0, 0, 2, 10.19
1630581044, 0, 0, 60, 60, 1, 0.02%, 0, 0, 2, 10.28
1630581142, 0, 0, 61, 61, 1, 0.02%, 0, 0, 2, 9.28
1630581152, 0, 0, 62, 62, 1, 0.02%, 0, 0, 2, 9.15
1630581234, 0, 0, 63, 63, 1, 0.02%, 0, 0, 2, 9.33
1630581249, 0, 0, 64, 64, 1, 0.02%, 0, 0, 2, 9.67
1630581346, 0, 0, 65, 65, 1, 0.02%, 0, 0, 2, 10.36
1630581797, 0, 0, 67, 67, 1, 0.02%, 0, 0, 2, 9.83
1630581802, 0, 0, 68, 68, 1, 0.02%, 0, 0, 2, 10.05
1630581807, 0, 0, 69, 69, 1, 0.02%, 0, 0, 2, 11.31
1630581812, 0, 0, 70, 70, 1, 0.02%, 0, 0, 2, 12.51
1630582541, 0, 0, 71, 71, 1, 0.02%, 0, 0, 2, 9.72
1630582546, 0, 0, 72, 72, 1, 0.02%, 0, 0, 2, 9.93
1630582552, 0, 0, 75, 75, 1, 0.02%, 0, 0, 2, 9.77
1630582557, 0, 0, 77, 77, 1, 0.02%, 0, 0, 2, 9.88
1630582572, 0, 0, 78, 78, 1, 0.02%, 0, 0, 2, 10.49
1630582577, 0, 0, 79, 79, 1, 0.02%, 0, 0, 2, 10.03
1630582582, 0, 0, 81, 81, 1, 0.02%, 0, 0, 2, 11.18
1630582587, 0, 0, 82, 82, 1, 0.02%, 0, 0, 2, 12.47
1630582592, 0, 0, 83, 83, 1, 0.02%, 0, 0, 2, 11.14
1630582597, 0, 0, 84, 84, 1, 0.02%, 0, 0, 2, 10.87
1630582623, 0, 0, 85, 85, 1, 0.02%, 0, 0, 2, 10.19
1630582829, 0, 0, 86, 86, 1, 0.02%, 0, 0, 2, 11.33
1630582900, 0, 0, 87, 87, 1, 0.02%, 0, 0, 2, 11.27
1630582916, 0, 0, 89, 89, 1, 0.02%, 0, 0, 2, 11.27
1630582931, 0, 0, 90, 90, 1, 0.02%, 0, 0, 2, 11.15
1630582982, 0, 0, 91, 91, 1, 0.02%, 0, 0, 2, 11.13
1630583085, 0, 0, 92, 92, 1, 0.02%, 0, 0, 2, 11.04
1630583305, 0, 0, 93, 93, 1, 0.02%, 0, 0, 2, 11.09
1630584268, 0, 0, 94, 94, 1, 0.02%, 0, 0, 2, 10.77
1630584288, 0, 0, 95, 95, 1, 0.02%, 0, 0, 2, 10.68
1630584447, 0, 0, 96, 96, 1, 0.02%, 0, 0, 2, 10.94
1630584452, 0, 0, 97, 97, 1, 0.02%, 0, 0, 2, 10.92
1630586154, 0, 0, 99, 99, 1, 0.02%, 0, 0, 2, 104.81
1630586277, 0, 0, 100, 100, 1, 0.02%, 0, 0, 2, 9.80
1630586303, 0, 0, 101, 101, 1, 0.02%, 0, 0, 2, 9.78
1630586309, 0, 0, 102, 102, 1, 0.02%, 0, 0, 2, 9.69
1630586319, 0, 0, 103, 103, 1, 0.02%, 0, 0, 2, 9.85
1630586339, 0, 0, 104, 104, 1, 0.02%, 0, 0, 2, 9.48
1630586350, 0, 0, 105, 105, 1, 0.02%, 0, 0, 2, 9.64
1630586365, 0, 0, 107, 107, 1, 0.02%, 0, 0, 2, 9.83
1630586370, 0, 0, 108, 108, 1, 0.02%, 0, 0, 2, 9.60
1630586375, 0, 0, 109, 109, 1, 0.02%, 0, 0, 2, 9.65
1630586390, 0, 0, 110, 110, 1, 0.02%, 0, 0, 2, 10.62
1630586405, 0, 0, 113, 113, 1, 0.02%, 0, 0, 2, 9.88
1630586410, 0, 0, 114, 114, 1, 0.02%, 0, 0, 2, 10.13
1630586415, 0, 0, 115, 115, 1, 0.02%, 0, 0, 2, 10.02
1630586426, 0, 0, 116, 116, 1, 0.02%, 0, 0, 2, 9.80
1630586431, 0, 0, 117, 117, 1, 0.02%, 0, 0, 2, 9.80
1630586446, 0, 0, 118, 118, 1, 0.02%, 0, 0, 2, 9.78
1630586451, 0, 0, 119, 119, 1, 0.02%, 0, 0, 2, 9.98
1630586456, 0, 0, 121, 121, 1, 0.02%, 0, 0, 2, 10.44
1630586477, 0, 0, 122, 122, 1, 0.02%, 0, 0, 2, 10.87
1630586492, 0, 0, 124, 124, 1, 0.02%, 0, 0, 2, 10.74
1630586507, 0, 0, 126, 126, 1, 0.03%, 0, 0, 2, 10.99
1630586518, 0, 0, 127, 127, 1, 0.03%, 0, 0, 2, 10.84
1630586528, 0, 0, 129, 129, 1, 0.03%, 0, 0, 2, 11.70
1630586569, 0, 0, 130, 130, 1, 0.03%, 0, 0, 2, 9.97
1630614463, 0, 0, 131, 131, 1, 0.03%, 0, 0, 2, 10.12
1630614473, 0, 0, 132, 132, 1, 0.03%, 0, 0, 2, 9.81
1630614498, 0, 0, 133, 133, 1, 0.03%, 0, 0, 2, 10.50
1630614729, 0, 0, 134, 134, 1, 0.03%, 0, 0, 2, 11.30
1630614734, 0, 0, 135, 135, 1, 0.03%, 0, 0, 2, 11.10
1630614739, 0, 0, 136, 136, 1, 0.03%, 0, 0, 2, 12.02
1630614744, 0, 0, 139, 139, 1, 0.03%, 0, 0, 2, 11.05
1630614749, 0, 0, 140, 140, 1, 0.03%, 0, 0, 2, 10.71
1630614754, 0, 0, 141, 141, 1, 0.03%, 0, 0, 2, 11.36
1630614764, 0, 0, 142, 142, 1, 0.03%, 0, 0, 2, 12.14
1630614770, 0, 0, 143, 143, 1, 0.03%, 0, 0, 2, 12.61
1630614775, 0, 0, 144, 144, 1, 0.03%, 0, 0, 2, 12.23
1630614790, 0, 0, 145, 145, 1, 0.03%, 0, 0, 2, 12.50
1630614800, 0, 0, 146, 146, 1, 0.03%, 0, 0, 2, 11.70
1630614810, 0, 0, 147, 147, 1, 0.03%, 0, 0, 2, 11.80
1630614831, 0, 0, 148, 148, 1, 0.03%, 0, 0, 2, 12.71
1630614841, 0, 0, 149, 149, 1, 0.03%, 0, 0, 2, 11.84
1630614866, 0, 0, 150, 150, 1, 0.03%, 0, 0, 2, 12.81
1630614897, 0, 0, 151, 151, 1, 0.03%, 0, 0, 2, 12.07
1630614907, 0, 0, 152, 152, 1, 0.03%, 0, 0, 2, 11.93
1630614917, 0, 0, 153, 153, 1, 0.03%, 0, 0, 2, 12.30
1630614938, 0, 0, 154, 154, 1, 0.03%, 0, 0, 2, 11.81
1630614943, 0, 0, 155, 155, 1, 0.03%, 0, 0, 2, 12.25
1630614958, 0, 0, 156, 156, 1, 0.03%, 0, 0, 2, 11.95
1630615076, 0, 0, 157, 157, 1, 0.03%, 0, 0, 2, 12.36
1630615112, 0, 0, 158, 158, 1, 0.03%, 0, 0, 2, 11.36
1630615168, 0, 0, 159, 159, 1, 0.03%, 0, 0, 2, 12.13
1630615224, 0, 0, 160, 160, 1, 0.03%, 0, 0, 2, 11.78
1630615234, 0, 0, 161, 161, 1, 0.03%, 0, 0, 2, 11.54
1630615311, 0, 0, 162, 162, 1, 0.03%, 0, 0, 2, 11.99
1630615398, 0, 0, 163, 163, 1, 0.03%, 0, 0, 2, 12.09
1630615419, 0, 0, 164, 164, 1, 0.03%, 0, 0, 2, 12.64
1630615736, 0, 0, 165, 165, 1, 0.03%, 0, 0, 2, 11.49
1630616022, 0, 0, 166, 166, 1, 0.03%, 0, 0, 2, 11.92
1630616058, 0, 4, 166, 165, 44, 0.03%, 0, 0, 2, 11.73
1630616294, 0, 4, 167, 166, 44, 0.03%, 0, 0, 3, 8.82
1630618019, 0, 7, 167, 165, 43, 0.03%, 0, 0, 3, 42.27
1630618264, 0, 7, 168, 166, 43, 0.03%, 0, 0, 3, 10.30
1630619864, 0, 7, 169, 167, 43, 0.03%, 0, 0, 3, 33.42
1630619885, 0, 8, 169, 166, 44, 0.03%, 0, 0, 3, 21.04
1630620424, 0, 8, 170, 167, 44, 0.03%, 0, 0, 3, 12.37
1630621598, 0, 21, 170, 166, 43, 0.03%, 0, 0, 3, 31.19
1630621603, 0, 21, 171, 167, 43, 0.03%, 0, 0, 3, 15.98
1630621654, 0, 21, 172, 168, 43, 0.03%, 0, 0, 3, 10.16
1630621767, 0, 21, 174, 170, 43, 0.03%, 0, 0, 3, 10.50
1630622110, 0, 21, 175, 171, 43, 0.03%, 0, 0, 3, 10.13
1630622176, 0, 21, 176, 172, 43, 0.03%, 0, 0, 3, 10.03
1630622181, 0, 21, 177, 173, 43, 0.03%, 0, 0, 3, 10.01
1630622212, 0, 21, 178, 174, 43, 0.03%, 0, 0, 3, 10.18
1630623393, 0, 27, 178, 173, 42, 0.03%, 0, 0, 3, 32.44
1630623418, 0, 27, 179, 174, 42, 0.03%, 1, 0, 3, 13.40
1630623444, 0, 27, 180, 175, 42, 0.03%, 1, 0, 3, 13.19
1630623459, 0, 27, 181, 176, 42, 0.03%, 1, 0, 3, 13.16
1630623776, 0, 27, 182, 177, 42, 0.03%, 1, 0, 3, 9.93
1630623796, 0, 27, 183, 178, 42, 0.03%, 1, 0, 3, 10.41
1630623858, 0, 27, 184, 179, 42, 0.03%, 1, 0, 3, 10.21
1630624058, 0, 27, 185, 180, 42, 0.03%, 1, 0, 3, 10.77
1630624417, 0, 27, 186, 181, 42, 0.03%, 1, 0, 3, 12.35
1630624744, 0, 27, 187, 182, 42, 0.03%, 1, 0, 3, 11.27
1630624785, 0, 27, 188, 183, 42, 0.03%, 1, 0, 3, 9.01
1630625005, 0, 27, 189, 184, 42, 0.03%, 1, 0, 3, 11.99
1630625021, 0, 27, 190, 185, 42, 0.03%, 1, 0, 3, 38.07
1630625042, 0, 29, 190, 184, 42, 0.03%, 1, 0, 3, 22.34
1630626388, 0, 30, 190, 183, 41, 0.03%, 1, 0, 3, 28.76
1630626393, 0, 30, 190, 183, 41, 0.03%, 2, 0, 3, 13.78
1630626444, 0, 30, 190, 183, 41, 0.03%, 5, 0, 3, 10.74
1630626634, 0, 30, 190, 183, 41, 0.03%, 7, 0, 3, 10.33
1630628341, 0, 41, 190, 182, 40, 0.03%, 7, 0, 3, 23.79
1630628357, 0, 41, 191, 183, 40, 0.03%, 7, 0, 3, 9.77
1630630194, 0, 42, 191, 182, 40, 0.03%, 7, 0, 3, 31.54
1630630736, 0, 42, 192, 183, 40, 0.03%, 7, 0, 3, 9.66
1630630782, 0, 42, 193, 184, 40, 0.03%, 7, 0, 3, 9.91
1630632043, 0, 49, 193, 183, 38, 0.03%, 7, 0, 3, 24.34
1630633850, 0, 49, 194, 184, 38, 0.03%, 7, 0, 3, 9.27
1630633885, 0, 50, 194, 183, 37, 0.03%, 7, 0, 3, 31.67
1630634756, 0, 50, 195, 184, 37, 0.03%, 7, 0, 3, 10.39
1630642135, 0, 50, 196, 185, 37, 0.03%, 7, 0, 3, 11.01
1630642145, 0, 50, 198, 187, 37, 0.03%, 7, 0, 3, 11.05
1630642166, 0, 50, 199, 188, 37, 0.03%, 7, 0, 3, 11.00
1630642181, 0, 50, 200, 189, 37, 0.03%, 7, 0, 3, 11.01
1630668809, 0, 51, 200, 188, 41, 0.03%, 7, 0, 3, 12.40
1630669613, 0, 51, 201, 189, 41, 0.03%, 7, 0, 3, 11.10
