# unix_time, cycles_done, cur_path, paths_total, pending_total, pending_favs, map_size, unique_crashes, unique_hangs, max_depth, execs_per_sec
1629010361, 0, 0, 1, 1, 1, 0.01%, 0, 0, 1, 0.20
1629010367, 0, 0, 12, 12, 1, 0.02%, 0, 0, 2, 72.47
1629010372, 0, 0, 15, 15, 1, 0.02%, 0, 0, 2, 78.29
1629010377, 0, 0, 16, 16, 1, 0.02%, 0, 0, 2, 80.85
1629010382, 0, 0, 18, 18, 1, 0.02%, 0, 0, 2, 82.23
1629010387, 0, 0, 19, 19, 1, 0.02%, 0, 0, 2, 83.36
1629010392, 0, 0, 22, 22, 1, 0.02%, 0, 0, 2, 82.01
1629010397, 0, 0, 26, 26, 1, 0.02%, 0, 0, 2, 77.50
1629010423, 0, 0, 31, 31, 1, 0.02%, 0, 0, 2, 67.90
1629010428, 0, 0, 32, 32, 1, 0.02%, 0, 0, 2, 74.05
1629010448, 0, 0, 34, 34, 1, 0.02%, 0, 0, 2, 77.95
1629010454, 0, 0, 36, 36, 1, 0.02%, 0, 0, 2, 75.17
1629010459, 0, 0, 40, 40, 1, 0.02%, 0, 0, 2, 82.49
1629010464, 0, 0, 49, 49, 1, 0.02%, 0, 0, 2, 76.71
1629010474, 0, 0, 51, 51, 1, 0.02%, 0, 0, 2, 72.47
1629010479, 0, 0, 54, 54, 1, 0.02%, 0, 0, 2, 77.42
1629010494, 0, 0, 55, 55, 1, 0.02%, 0, 0, 2, 78.88
1629010500, 0, 0, 56, 56, 1, 0.02%, 0, 0, 2, 78.55
1629010505, 0, 0, 57, 57, 1, 0.02%, 0, 0, 2, 78.77
1629010515, 0, 0, 58, 58, 1, 0.02%, 0, 0, 2, 78.98
1629010535, 0, 0, 59, 59, 1, 0.02%, 0, 0, 2, 78.70
1629010571, 0, 0, 60, 60, 1, 0.02%, 0, 0, 2, 78.93
1629010581, 0, 0, 62, 62, 1, 0.02%, 0, 0, 2, 71.55
1629010596, 0, 0, 63, 63, 1, 0.02%, 0, 0, 2, 74.62
1629010612, 0, 0, 64, 64, 1, 0.02%, 0, 0, 2, 73.70
1629010673, 0, 0, 69, 69, 1, 0.02%, 0, 0, 2, 72.46
1629010774, 0, 0, 74, 74, 1, 0.02%, 0, 0, 2, 96.07
1629010780, 0, 0, 78, 78, 1, 0.02%, 0, 0, 2, 76.05
1629010785, 0, 0, 80, 80, 1, 0.02%, 0, 0, 2, 66.62
1629010810, 0, 0, 83, 83, 1, 0.02%, 0, 0, 2, 73.73
1629010815, 0, 0, 85, 85, 1, 0.02%, 0, 0, 2, 77.67
1629010831, 0, 0, 88, 88, 1, 0.02%, 0, 0, 2, 78.80
1629010861, 0, 0, 89, 89, 1, 0.02%, 0, 0, 2, 78.58
1629010942, 0, 0, 90, 90, 1, 0.02%, 0, 0, 2, 78.98
1629010958, 0, 0, 91, 91, 1, 0.02%, 0, 0, 2, 78.46
1629011120, 0, 0, 92, 92, 1, 0.02%, 0, 0, 2, 78.90
1629011156, 0, 0, 93, 93, 1, 0.02%, 0, 0, 2, 79.03
1629011278, 0, 0, 95, 95, 1, 0.02%, 0, 0, 2, 119.20
1629011298, 0, 0, 96, 96, 1, 0.02%, 0, 0, 2, 81.82
1629011309, 0, 0, 97, 97, 1, 0.02%, 0, 0, 2, 64.18
1629011314, 0, 0, 104, 104, 1, 0.02%, 0, 0, 2, 62.12
1629011319, 0, 0, 109, 109, 1, 0.03%, 0, 0, 2, 61.61
1629011324, 0, 0, 115, 115, 1, 0.03%, 0, 0, 2, 62.37
1629011329, 0, 0, 122, 122, 1, 0.03%, 0, 0, 2, 62.98
1629011334, 0, 0, 126, 126, 1, 0.03%, 0, 0, 2, 67.38
1629011339, 0, 0, 129, 129, 1, 0.03%, 0, 0, 2, 74.66
1629011344, 0, 0, 134, 134, 1, 0.03%, 0, 0, 2, 74.94
1629011350, 0, 0, 135, 135, 1, 0.03%, 0, 0, 2, 66.50
1629015110, 0, 0, 136, 136, 1, 0.03%, 0, 0, 2, 73.49
1629015115, 0, 0, 138, 138, 1, 0.03%, 0, 0, 2, 64.84
1629015151, 0, 0, 141, 141, 1, 0.03%, 0, 0, 2, 74.10
1629015156, 0, 0, 148, 148, 1, 0.03%, 0, 0, 2, 81.72
1629015161, 0, 0, 154, 154, 1, 0.03%, 0, 0, 2, 85.79
1629015166, 0, 0, 156, 156, 1, 0.03%, 0, 0, 2, 86.62
1629015172, 0, 0, 160, 160, 1, 0.03%, 0, 0, 2, 86.40
1629015187, 0, 0, 161, 161, 1, 0.03%, 0, 0, 2, 91.25
1629015192, 0, 0, 162, 162, 1, 0.03%, 0, 0, 2, 85.59
1629015197, 0, 0, 163, 163, 1, 0.03%, 0, 0, 2, 85.51
1629015202, 0, 0, 165, 165, 1, 0.03%, 0, 0, 2, 87.99
1629015213, 0, 0, 166, 166, 1, 0.03%, 0, 0, 2, 88.85
1629015218, 0, 0, 167, 167, 1, 0.03%, 0, 0, 2, 85.66
1629015228, 0, 0, 168, 168, 1, 0.03%, 0, 0, 2, 88.93
1629015233, 0, 0, 169, 169, 1, 0.03%, 0, 0, 2, 87.88
1629015238, 0, 0, 170, 170, 1, 0.03%, 0, 0, 2, 85.35
1629015264, 0, 0, 172, 172, 1, 0.03%, 0, 0, 2, 87.83
1629015290, 0, 0, 173, 173, 1, 0.03%, 0, 0, 2, 86.24
1629015305, 0, 0, 174, 174, 1, 0.03%, 0, 0, 2, 85.85
1629015331, 0, 0, 175, 175, 1, 0.03%, 0, 0, 2, 90.32
1629015336, 0, 0, 176, 176, 1, 0.03%, 0, 0, 2, 85.05
1629015357, 0, 0, 177, 177, 1, 0.03%, 0, 0, 2, 88.00
1629015362, 0, 0, 178, 178, 1, 0.03%, 0, 0, 2, 91.23
1629015367, 0, 0, 180, 180, 1, 0.03%, 0, 0, 2, 89.78
1629015372, 0, 0, 181, 181, 1, 0.03%, 0, 0, 2, 87.47
1629015388, 0, 0, 183, 183, 1, 0.03%, 0, 0, 2, 88.37
1629015424, 0, 0, 184, 184, 1, 0.03%, 0, 0, 2, 89.16
1629015434, 0, 0, 185, 185, 1, 0.03%, 0, 0, 2, 87.82
1629015449, 0, 0, 187, 187, 1, 0.03%, 0, 0, 2, 89.75
1629015491, 0, 0, 188, 188, 1, 0.03%, 0, 0, 2, 88.94
1629015511, 0, 0, 189, 189, 1, 0.03%, 0, 0, 2, 87.19
1629015527, 0, 0, 190, 190, 1, 0.03%, 0, 0, 2, 89.11
1629015532, 0, 0, 191, 191, 1, 0.03%, 0, 0, 2, 88.85
1629015619, 0, 0, 192, 192, 1, 0.03%, 0, 0, 2, 90.23
1629015645, 0, 0, 193, 193, 1, 0.03%, 0, 0, 2, 87.36
1629015691, 0, 0, 194, 194, 1, 0.03%, 0, 0, 2, 90.09
1629015717, 0, 0, 195, 195, 1, 0.03%, 0, 0, 2, 85.71
1629015794, 0, 0, 196, 196, 1, 0.03%, 0, 0, 2, 86.20
1629015841, 0, 0, 197, 197, 1, 0.03%, 0, 0, 2, 87.29
1629015856, 0, 0, 198, 198, 1, 0.03%, 0, 0, 2, 88.76
1629015923, 0, 0, 200, 200, 1, 0.03%, 0, 0, 2, 86.28
1629016031, 0, 0, 201, 201, 1, 0.03%, 0, 0, 2, 86.60
1629016052, 0, 0, 202, 202, 1, 0.03%, 0, 0, 2, 88.72
1629016067, 0, 4, 202, 201, 45, 0.03%, 0, 0, 2, 81.02
1629016373, 0, 6, 202, 200, 44, 0.03%, 0, 0, 2, 163.07
1629016588, 0, 7, 202, 199, 43, 0.03%, 0, 0, 2, 161.73
1629016624, 0, 7, 204, 201, 43, 0.03%, 0, 0, 3, 91.75
1629016899, 0, 8, 204, 200, 43, 0.03%, 0, 0, 3, 114.78
1629016996, 0, 8, 205, 201, 43, 0.03%, 0, 0, 3, 76.76
1629017180, 0, 8, 206, 202, 43, 0.03%, 0, 0, 3, 149.40
1629017205, 0, 9, 206, 201, 39, 0.03%, 0, 0, 3, 131.14
1629017516, 0, 14, 206, 200, 38, 0.03%, 0, 0, 3, 99.21
1629022309, 0, 21, 206, 199, 37, 0.03%, 0, 0, 3, 87.93
1629022620, 0, 33, 206, 198, 36, 0.03%, 0, 0, 3, 140.91
1629022645, 0, 33, 207, 199, 36, 0.03%, 0, 0, 3, 78.11
1629027427, 0, 41, 208, 199, 36, 0.03%, 0, 0, 3, 76.07
1629027733, 0, 42, 208, 198, 36, 0.03%, 0, 0, 3, 138.26
1629028044, 0, 47, 208, 197, 35, 0.03%, 0, 0, 3, 158.72
1629028049, 0, 47, 209, 198, 35, 0.03%, 1, 0, 3, 138.20
1629028054, 0, 47, 211, 200, 35, 0.03%, 1, 0, 3, 100.66
1629028115, 0, 47, 212, 201, 35, 0.03%, 1, 0, 3, 67.09
1629028141, 0, 47, 213, 202, 35, 0.03%, 1, 0, 3, 78.05
1629028146, 0, 47, 214, 203, 35, 0.03%, 1, 0, 3, 87.29
1629028285, 0, 47, 215, 204, 35, 0.03%, 1, 0, 3, 150.72
1629028300, 0, 49, 215, 203, 37, 0.03%, 1, 0, 3, 95.95
1629028595, 0, 56, 215, 202, 36, 0.03%, 1, 0, 3, 131.77
1629029317, 0, 56, 216, 203, 36, 0.03%, 1, 0, 3, 78.93
1629033348, 0, 56, 217, 204, 36, 0.03%, 1, 0, 3, 85.56
1629033404, 0, 59, 217, 203, 36, 0.03%, 1, 0, 3, 79.65
1629033644, 0, 59, 218, 204, 36, 0.03%, 1, 0, 3, 78.01
1629038362, 0, 60, 218, 203, 36, 0.03%, 1, 0, 3, 75.10
1629039594, 0, 60, 219, 204, 36, 0.03%, 1, 0, 3, 59.19
1629044440, 0, 60, 220, 205, 36, 0.03%, 1, 0, 3, 76.86
1629044476, 0, 61, 220, 204, 37, 0.03%, 1, 0, 3, 76.55
1629050382, 0, 61, 221, 205, 37, 0.03%, 1, 0, 3, 80.00
1629050387, 0, 61, 222, 206, 37, 0.03%, 1, 0, 3, 80.26
1629050438, 0, 61, 223, 207, 37, 0.03%, 1, 0, 3, 80.84
1629050619, 0, 62, 223, 206, 37, 0.03%, 1, 0, 3, 81.43
1629050823, 0, 66, 223, 205, 36, 0.03%, 1, 0, 3, 154.24
1629050890, 0, 66, 224, 206, 36, 0.03%, 1, 0, 3, 67.70
1629051034, 0, 75, 225, 206, 35, 0.03%, 1, 0, 3, 127.32
1629051167, 0, 75, 228, 209, 35, 0.03%, 1, 0, 3, 67.66
1629051393, 0, 75, 229, 210, 35, 0.03%, 1, 0, 3, 67.11
1629051403, 0, 75, 230, 211, 35, 0.03%, 1, 0, 3, 66.44
1629052135, 0, 83, 230, 210, 34, 0.03%, 1, 0, 3, 108.39
1629052690, 0, 83, 231, 211, 34, 0.03%, 1, 0, 3, 78.86
1629056800, 0, 86, 231, 210, 34, 0.03%, 1, 0, 3, 87.20
1629057243, 0, 86, 232, 211, 34, 0.03%, 1, 0, 3, 79.02
1629061531, 0, 88, 232, 210, 33, 0.03%, 1, 0, 3, 78.99
1629062173, 0, 88, 233, 211, 33, 0.03%, 1, 0, 3, 78.67
1629066285, 0, 88, 234, 212, 33, 0.03%, 1, 0, 3, 90.70
1629066321, 0, 91, 234, 211, 33, 0.03%, 1, 0, 3, 79.52
1629066342, 0, 91, 241, 218, 33, 0.03%, 1, 0, 3, 78.07
1629066398, 0, 91, 242, 219, 33, 0.03%, 1, 0, 3, 78.87
1629066494, 0, 91, 244, 221, 33, 0.03%, 1, 0, 3, 79.03
1629067089, 0, 91, 245, 222, 33, 0.03%, 1, 0, 3, 79.03
1629070057, 0, 91, 246, 223, 33, 0.03%, 1, 0, 3, 79.13
1629070082, 0, 91, 247, 224, 33, 0.03%, 1, 0, 3, 79.04
1629071097, 0, 91, 248, 225, 33, 0.03%, 1, 0, 3, 90.64
1629071107, 0, 91, 249, 226, 33, 0.03%, 1, 0, 3, 89.36
1629071117, 0, 91, 250, 227, 33, 0.03%, 1, 0, 3, 89.37
1629071138, 0, 91, 251, 228, 33, 0.03%, 1, 0, 3, 86.85
1629071148, 0, 91, 252, 229, 33, 0.03%, 1, 0, 3, 87.38
1629071262, 0, 91, 254, 231, 33, 0.03%, 1, 0, 3, 89.34
1629071344, 0, 91, 255, 232, 33, 0.03%, 1, 0, 3, 88.97
1629071437, 0, 91, 256, 233, 33, 0.03%, 1, 0, 3, 89.85
1629071473, 0, 91, 257, 234, 33, 0.03%, 1, 0, 3, 87.80
1629071529, 0, 91, 258, 235, 33, 0.03%, 1, 0, 3, 90.95
1629071622, 0, 91, 259, 236, 33, 0.03%, 1, 0, 3, 89.25
1629071869, 0, 91, 260, 237, 33, 0.03%, 1, 0, 3, 89.70
1629071880, 0, 91, 261, 238, 33, 0.03%, 1, 0, 3, 87.90
1629071900, 0, 91, 262, 239, 33, 0.03%, 1, 0, 3, 87.54
1629071952, 0, 91, 263, 240, 33, 0.03%, 1, 0, 3, 90.06
1629071957, 0, 91, 264, 241, 33, 0.03%, 1, 0, 3, 88.23
1629071962, 0, 91, 265, 242, 33, 0.03%, 1, 0, 3, 89.68
1629071998, 0, 94, 265, 241, 40, 0.03%, 1, 0, 3, 79.36
1629072049, 0, 94, 266, 242, 40, 0.03%, 1, 0, 3, 114.76
1629072465, 0, 103, 266, 241, 39, 0.03%, 1, 0, 3, 110.25
1629072890, 0, 103, 267, 242, 39, 0.03%, 1, 0, 3, 91.29
1629077440, 0, 104, 267, 241, 38, 0.03%, 1, 0, 3, 76.43
1629077451, 0, 104, 268, 242, 38, 0.03%, 1, 0, 3, 95.64
1629077456, 0, 104, 269, 243, 38, 0.03%, 1, 0, 3, 70.35
1629077523, 0, 104, 270, 244, 38, 0.03%, 1, 0, 3, 70.45
1629077727, 0, 104, 271, 245, 38, 0.03%, 1, 0, 3, 52.47
1629077737, 0, 104, 272, 246, 38, 0.03%, 1, 0, 3, 47.37
1629077742, 0, 104, 274, 248, 38, 0.03%, 1, 0, 3, 49.95
1629077747, 0, 104, 275, 249, 38, 0.03%, 1, 0, 3, 57.71
1629077763, 0, 104, 276, 250, 38, 0.03%, 1, 0, 3, 47.29
1629078044, 0, 112, 276, 249, 41, 0.03%, 1, 0, 3, 121.33
1629078207, 0, 112, 278, 251, 41, 0.03%, 1, 0, 3, 61.37
1629078258, 0, 112, 279, 252, 41, 0.03%, 1, 0, 3, 61.07
1629078732, 0, 112, 280, 253, 41, 0.03%, 1, 0, 3, 143.10
1629078747, 0, 125, 280, 252, 39, 0.03%, 1, 0, 3, 114.74
1629079243, 0, 131, 280, 251, 38, 0.03%, 1, 0, 3, 127.96
1629079355, 0, 131, 281, 252, 38, 0.03%, 1, 0, 3, 81.28
1629079371, 0, 131, 282, 253, 38, 0.03%, 1, 0, 3, 74.01
1629079407, 0, 131, 283, 254, 38, 0.03%, 1, 0, 3, 74.80
1629079427, 0, 131, 284, 255, 38, 0.03%, 1, 0, 3, 74.95
1629079714, 0, 131, 285, 256, 38, 0.03%, 1, 0, 3, 77.11
1629080284, 0, 131, 286, 257, 38, 0.03%, 1, 0, 3, 61.36
1629080506, 0, 131, 287, 258, 38, 0.03%, 1, 0, 3, 72.21
1629084585, 0, 131, 288, 259, 38, 0.03%, 1, 0, 3, 85.74
1629084621, 0, 131, 289, 260, 38, 0.03%, 1, 0, 3, 89.35
1629084646, 0, 131, 290, 261, 38, 0.03%, 1, 0, 3, 89.17
1629084657, 0, 131, 290, 261, 38, 0.03%, 2, 0, 3, 86.89
1629084842, 0, 131, 291, 262, 38, 0.03%, 2, 0, 3, 86.62
1629084996, 0, 131, 291, 262, 38, 0.03%, 3, 0, 3, 88.72
1629085012, 0, 131, 291, 262, 38, 0.03%, 4, 0, 3, 87.62
1629085022, 0, 131, 292, 263, 38, 0.03%, 4, 0, 3, 85.93
1629085207, 0, 131, 293, 264, 38, 0.03%, 4, 0, 3, 88.56
1629085254, 0, 133, 293, 263, 40, 0.03%, 4, 0, 3, 81.84
1629086294, 0, 133, 294, 264, 40, 0.04%, 4, 0, 3, 60.31
1629090723, 0, 151, 294, 263, 39, 0.04%, 4, 0, 3, 82.17
1629093662, 0, 153, 294, 262, 38, 0.04%, 4, 0, 3, 92.33
1629095357, 0, 163, 294, 261, 36, 0.04%, 4, 0, 3, 99.01
1629095434, 0, 163, 295, 262, 36, 0.04%, 4, 0, 3, 79.49
1629098231, 0, 175, 295, 261, 36, 0.04%, 4, 0, 3, 95.11
