# unix_time, cycles_done, cur_path, paths_total, pending_total, pending_favs, map_size, unique_crashes, unique_hangs, max_depth, execs_per_sec
1630579369, 0, 0, 1, 1, 1, 0.01%, 0, 0, 1, 0.20
1630579400, 0, 0, 2, 2, 1, 0.01%, 0, 0, 2, 3.59
1630579410, 0, 0, 3, 3, 1, 0.02%, 0, 0, 2, 3.70
1630579415, 0, 0, 4, 4, 1, 0.02%, 0, 0, 2, 3.74
1630579425, 0, 0, 5, 5, 1, 0.02%, 0, 0, 2, 4.05
1630579431, 0, 0, 6, 6, 1, 0.02%, 0, 0, 2, 4.58
1630579436, 0, 0, 7, 7, 1, 0.02%, 0, 0, 2, 5.31
1630579446, 0, 0, 8, 8, 1, 0.02%, 0, 0, 2, 5.87
1630579451, 0, 0, 9, 9, 1, 0.02%, 0, 0, 2, 6.82
1630579456, 0, 0, 11, 11, 1, 0.02%, 0, 0, 2, 7.03
1630579467, 0, 0, 12, 12, 1, 0.02%, 0, 0, 2, 7.62
1630579472, 0, 0, 14, 14, 1, 0.02%, 0, 0, 2, 8.07
1630579477, 0, 0, 15, 15, 1, 0.02%, 0, 0, 2, 8.65
1630579493, 0, 0, 16, 16, 1, 0.02%, 0, 0, 2, 8.99
1630579559, 0, 0, 17, 17, 1, 0.02%, 0, 0, 2, 9.66
1630579569, 0, 0, 18, 18, 1, 0.02%, 0, 0, 2, 9.94
1630579579, 0, 0, 19, 19, 1, 0.02%, 0, 0, 2, 9.72
1630579692, 0, 0, 21, 21, 1, 0.02%, 0, 0, 2, 9.39
1630579697, 0, 0, 22, 22, 1, 0.02%, 0, 0, 2, 14.60
1630579702, 0, 0, 23, 23, 1, 0.02%, 0, 0, 2, 10.57
1630579707, 0, 0, 24, 24, 1, 0.02%, 0, 0, 2, 10.76
1630579717, 0, 0, 25, 25, 1, 0.02%, 0, 0, 2, 9.54
1630579722, 0, 0, 26, 26, 1, 0.02%, 0, 0, 2, 9.85
1630579922, 0, 0, 27, 27, 1, 0.02%, 0, 0, 2, 8.89
1630579927, 0, 0, 28, 28, 1, 0.02%, 0, 0, 2, 9.66
1630579938, 0, 0, 29, 29, 1, 0.02%, 0, 0, 2, 9.05
1630579943, 0, 0, 31, 31, 1, 0.02%, 0, 0, 2, 8.79
1630579948, 0, 0, 32, 32, 1, 0.02%, 0, 0, 2, 9.33
1630579953, 0, 0, 33, 33, 1, 0.02%, 0, 0, 2, 9.57
1630580112, 0, 0, 34, 34, 1, 0.02%, 0, 0, 2, 9.71
1630580132, 0, 0, 35, 35, 1, 0.02%, 0, 0, 2, 9.53
1630580143, 0, 0, 36, 36, 1, 0.02%, 0, 0, 2, 9.60
1630580173, 0, 0, 37, 37, 1, 0.02%, 0, 0, 2, 9.66
1630580199, 0, 0, 38, 38, 1, 0.02%, 0, 0, 2, 10.21
1630580225, 0, 0, 40, 40, 1, 0.02%, 0, 0, 2, 9.39
1630580246, 0, 0, 41, 41, 1, 0.02%, 0, 0, 2, 114.56
1630580251, 0, 0, 42, 42, 1, 0.02%, 0, 0, 2, 8.53
1630580256, 0, 0, 43, 43, 1, 0.02%, 0, 0, 2, 8.84
1630580261, 0, 0, 44, 44, 1, 0.02%, 0, 0, 2, 8.84
1630580266, 0, 0, 47, 47, 1, 0.02%, 0, 0, 2, 8.78
1630580271, 0, 0, 48, 48, 1, 0.02%, 0, 0, 2, 9.53
1630580276, 0, 0, 49, 49, 1, 0.02%, 0, 0, 2, 10.20
1630580281, 0, 0, 50, 50, 1, 0.02%, 0, 0, 2, 9.67
1630580338, 0, 0, 51, 51, 1, 0.02%, 0, 0, 2, 9.36
1630580353, 0, 0, 52, 52, 1, 0.02%, 0, 0, 2, 9.50
1630580384, 0, 0, 53, 53, 1, 0.02%, 0, 0, 2, 9.56
1630580389, 0, 0, 54, 54, 1, 0.02%, 0, 0, 2, 9.67
1630580409, 0, 0, 55, 55, 1, 0.02%, 0, 0, 2, 9.54
1630580665, 0, 0, 56, 56, 1, 0.02%, 0, 0, 2, 9.55
1630580716, 0, 0, 57, 57, 1, 0.02%, 0, 0, 2, 9.50
1630580727, 0, 0, 58, 58, 1, 0.02%, 0, 0, 2, 9.45
1630580861, 0, 0, 59, 59, 1, 0.02%, 0, 0, 2, 9.96
1630581296, 0, 0, 60, 60, 1, 0.02%, 0, 0, 2, 10.03
1630581394, 0, 0, 61, 61, 1, 0.02%, 0, 0, 2, 9.96
1630581410, 0, 0, 62, 62, 1, 0.02%, 0, 0, 2, 9.01
1630581512, 0, 0, 63, 63, 1, 0.02%, 0, 0, 2, 11.34
1630581625, 0, 0, 64, 64, 1, 0.02%, 0, 0, 2, 10.74
1630582165, 0, 0, 66, 66, 1, 0.02%, 0, 0, 2, 9.43
1630582170, 0, 0, 67, 67, 1, 0.02%, 0, 0, 2, 9.48
1630582175, 0, 0, 68, 68, 1, 0.02%, 0, 0, 2, 10.53
1630582180, 0, 0, 69, 69, 1, 0.02%, 0, 0, 2, 11.10
1630583067, 0, 0, 70, 70, 1, 0.02%, 0, 0, 2, 9.24
1630583072, 0, 0, 71, 71, 1, 0.02%, 0, 0, 2, 9.52
1630583077, 0, 0, 73, 73, 1, 0.02%, 0, 0, 2, 9.60
1630583082, 0, 0, 74, 74, 1, 0.02%, 0, 0, 2, 9.52
1630583087, 0, 0, 75, 75, 1, 0.02%, 0, 0, 2, 9.71
1630583092, 0, 0, 76, 76, 1, 0.02%, 0, 0, 2, 9.66
1630583098, 0, 0, 77, 77, 1, 0.02%, 0, 0, 2, 9.52
1630583108, 0, 0, 78, 78, 1, 0.02%, 0, 0, 2, 9.33
1630583118, 0, 0, 80, 80, 1, 0.02%, 0, 0, 2, 9.68
1630583123, 0, 0, 81, 81, 1, 0.02%, 0, 0, 2, 9.76
1630583128, 0, 0, 82, 82, 1, 0.02%, 0, 0, 2, 10.57
1630583134, 0, 0, 84, 84, 1, 0.02%, 0, 0, 2, 10.54
1630583144, 0, 0, 86, 86, 1, 0.02%, 0, 0, 2, 10.41
1630583154, 0, 0, 87, 87, 1, 0.02%, 0, 0, 2, 10.80
1630583175, 0, 0, 88, 88, 1, 0.02%, 0, 0, 2, 9.45
1630583369, 0, 0, 89, 89, 1, 0.02%, 0, 0, 2, 10.37
1630583389, 0, 0, 90, 90, 1, 0.02%, 0, 0, 2, 10.74
1630583487, 0, 0, 91, 91, 1, 0.02%, 0, 0, 2, 10.50
1630583497, 0, 0, 92, 92, 1, 0.02%, 0, 0, 2, 10.70
1630583507, 0, 0, 93, 93, 1, 0.02%, 0, 0, 2, 10.70
1630583759, 0, 0, 94, 94, 1, 0.02%, 0, 0, 2, 10.84
1630584205, 0, 0, 95, 95, 1, 0.02%, 0, 0, 2, 10.49
1630585178, 0, 0, 96, 96, 1, 0.02%, 0, 0, 2, 10.73
1630585183, 0, 0, 97, 97, 1, 0.02%, 0, 0, 2, 10.69
1630585496, 0, 0, 98, 98, 1, 0.02%, 0, 0, 2, 10.57
1630587550, 0, 0, 99, 99, 1, 0.02%, 0, 0, 2, 10.40
1630587555, 0, 0, 100, 100, 1, 0.02%, 0, 0, 2, 9.09
1630587714, 0, 0, 101, 101, 1, 0.02%, 0, 0, 2, 9.02
1630587719, 0, 0, 103, 103, 1, 0.02%, 0, 0, 2, 8.96
1630587724, 0, 0, 104, 104, 1, 0.02%, 0, 0, 2, 8.93
1630587729, 0, 0, 105, 105, 1, 0.02%, 0, 0, 2, 8.92
1630587735, 0, 0, 106, 106, 1, 0.02%, 0, 0, 2, 9.23
1630587755, 0, 0, 107, 107, 1, 0.02%, 0, 0, 2, 8.74
1630587765, 0, 0, 108, 108, 1, 0.02%, 0, 0, 2, 9.06
1630587770, 0, 0, 109, 109, 1, 0.02%, 0, 0, 2, 9.68
1630587786, 0, 0, 110, 110, 1, 0.02%, 0, 0, 2, 9.41
1630587791, 0, 0, 111, 111, 1, 0.02%, 0, 0, 2, 9.07
1630587796, 0, 0, 112, 112, 1, 0.02%, 0, 0, 2, 9.05
1630587817, 0, 0, 113, 113, 1, 0.02%, 0, 0, 2, 9.04
1630587827, 0, 0, 114, 114, 1, 0.02%, 0, 0, 2, 9.05
1630587832, 0, 0, 115, 115, 1, 0.02%, 0, 0, 2, 8.95
1630587837, 0, 0, 117, 117, 1, 0.02%, 0, 0, 2, 9.80
1630587842, 0, 0, 118, 118, 1, 0.02%, 0, 0, 2, 9.41
1630587857, 0, 0, 119, 119, 1, 0.02%, 0, 0, 2, 9.59
1630587883, 0, 0, 120, 120, 1, 0.02%, 0, 0, 2, 8.79
1630587888, 0, 0, 121, 121, 1, 0.02%, 0, 0, 2, 9.60
1630587914, 0, 0, 122, 122, 1, 0.02%, 0, 0, 2, 10.17
1630587929, 0, 0, 123, 123, 1, 0.02%, 0, 0, 2, 9.73
1630587949, 0, 0, 125, 125, 1, 0.03%, 0, 0, 2, 10.16
1630587965, 0, 0, 126, 126, 1, 0.03%, 0, 0, 2, 10.09
1630587975, 0, 0, 127, 127, 1, 0.03%, 0, 0, 2, 10.10
1630587985, 0, 0, 128, 128, 1, 0.03%, 0, 0, 2, 9.90
1630588026, 0, 0, 129, 129, 1, 0.03%, 0, 0, 2, 9.23
1630616978, 0, 0, 130, 130, 1, 0.03%, 0, 0, 2, 9.73
1630616988, 0, 0, 131, 131, 1, 0.03%, 0, 0, 2, 9.19
1630617019, 0, 0, 132, 132, 1, 0.03%, 0, 0, 2, 9.15
1630617284, 0, 0, 134, 134, 1, 0.03%, 0, 0, 2, 10.33
1630617289, 0, 0, 135, 135, 1, 0.03%, 0, 0, 2, 11.14
1630617294, 0, 0, 137, 137, 1, 0.03%, 0, 0, 2, 10.92
1630617300, 0, 0, 139, 139, 1, 0.03%, 0, 0, 2, 10.62
1630617315, 0, 0, 140, 140, 1, 0.03%, 0, 0, 2, 11.92
1630617320, 0, 0, 141, 141, 1, 0.03%, 0, 0, 2, 10.48
1630617330, 0, 0, 143, 143, 1, 0.03%, 0, 0, 2, 11.79
1630617335, 0, 0, 144, 144, 1, 0.03%, 0, 0, 2, 10.10
1630617351, 0, 0, 145, 145, 1, 0.03%, 0, 0, 2, 11.66
1630617366, 0, 0, 146, 146, 1, 0.03%, 0, 0, 2, 10.75
1630617397, 0, 0, 148, 148, 1, 0.03%, 0, 0, 2, 10.43
1630617407, 0, 0, 149, 149, 1, 0.03%, 0, 0, 2, 11.90
1630617413, 0, 0, 150, 150, 1, 0.03%, 0, 0, 2, 11.53
1630617433, 0, 0, 151, 151, 1, 0.03%, 0, 0, 2, 11.30
1630617438, 0, 0, 152, 152, 1, 0.03%, 0, 0, 2, 10.36
1630617443, 0, 0, 153, 153, 1, 0.03%, 0, 0, 2, 10.43
1630617459, 0, 0, 154, 154, 1, 0.03%, 0, 0, 2, 10.92
1630617545, 0, 0, 155, 155, 1, 0.03%, 0, 0, 2, 11.48
1630617561, 0, 0, 156, 156, 1, 0.03%, 0, 0, 2, 10.29
1630617581, 0, 0, 157, 157, 1, 0.03%, 0, 0, 2, 11.80
1630617612, 0, 0, 158, 158, 1, 0.03%, 0, 0, 2, 11.27
1630617653, 0, 0, 160, 160, 1, 0.03%, 0, 0, 2, 11.97
1630617658, 0, 0, 161, 161, 1, 0.03%, 0, 0, 2, 11.78
1630617766, 0, 0, 162, 162, 1, 0.03%, 0, 0, 2, 11.14
1630617863, 0, 0, 163, 163, 1, 0.03%, 0, 0, 2, 11.32
1630617884, 0, 0, 164, 164, 1, 0.03%, 0, 0, 2, 12.55
1630617940, 0, 0, 165, 165, 1, 0.03%, 0, 0, 2, 11.96
1630617966, 0, 0, 166, 166, 1, 0.03%, 0, 0, 2, 12.03
1630618042, 0, 0, 167, 167, 1, 0.03%, 0, 0, 2, 9.66
1630618078, 0, 0, 169, 169, 1, 0.03%, 0, 0, 2, 11.85
1630618119, 0, 0, 170, 170, 1, 0.03%, 0, 0, 2, 12.71
1630618155, 0, 0, 171, 171, 1, 0.03%, 0, 0, 2, 12.11
1630618160, 0, 0, 172, 172, 1, 0.03%, 0, 0, 2, 11.12
1630618186, 0, 0, 173, 173, 1, 0.03%, 0, 0, 2, 11.77
1630618293, 0, 0, 174, 174, 1, 0.03%, 0, 0, 2, 13.42
1630618380, 0, 0, 175, 175, 1, 0.03%, 0, 0, 2, 12.56
1630618390, 0, 0, 176, 176, 1, 0.03%, 0, 0, 2, 11.36
1630618600, 0, 0, 177, 177, 1, 0.03%, 0, 0, 2, 11.85
1630618646, 0, 0, 177, 177, 1, 0.03%, 1, 0, 2, 12.17
1630618671, 0, 3, 177, 176, 46, 0.03%, 1, 0, 2, 10.15
1630619122, 0, 3, 178, 177, 46, 0.03%, 1, 0, 3, 9.12
1630620519, 0, 4, 178, 176, 47, 0.03%, 1, 0, 3, 20.96
1630622348, 0, 7, 178, 175, 46, 0.03%, 1, 0, 3, 19.96
1630624188, 0, 8, 178, 174, 45, 0.03%, 1, 0, 3, 35.38
1630624439, 0, 8, 179, 175, 45, 0.03%, 1, 0, 3, 10.16
1630624817, 0, 8, 180, 176, 45, 0.03%, 1, 0, 3, 10.29
1630626152, 0, 19, 180, 175, 43, 0.03%, 1, 0, 3, 32.07
1630632455, 0, 19, 181, 176, 43, 0.03%, 1, 0, 3, 9.71
1630634121, 0, 19, 182, 177, 43, 0.03%, 1, 0, 3, 8.78
1630666969, 0, 21, 182, 176, 43, 0.03%, 1, 0, 3, 9.04
1630667025, 0, 21, 183, 177, 43, 0.03%, 1, 0, 3, 9.50
1630667147, 0, 21, 184, 178, 43, 0.03%, 1, 0, 3, 9.50
1630667152, 0, 21, 185, 179, 43, 0.03%, 1, 0, 3, 9.51
1630667520, 0, 21, 186, 180, 43, 0.03%, 1, 0, 3, 9.12
1630667633, 0, 21, 187, 181, 43, 0.03%, 1, 0, 3, 9.35
1630668909, 0, 30, 187, 180, 42, 0.03%, 2, 0, 3, 19.57
1630668935, 0, 30, 187, 180, 42, 0.03%, 3, 0, 3, 9.58
1630668960, 0, 30, 187, 180, 42, 0.03%, 6, 0, 3, 10.70
1630669144, 0, 30, 187, 180, 42, 0.03%, 9, 0, 3, 10.73
1630670859, 0, 35, 187, 179, 41, 0.03%, 9, 0, 3, 19.12
1630671060, 0, 35, 188, 180, 41, 0.03%, 9, 0, 3, 10.21
1630672821, 0, 35, 189, 181, 41, 0.03%, 9, 0, 3, 9.45
