# unix_time, cycles_done, cur_path, paths_total, pending_total, pending_favs, map_size, unique_crashes, unique_hangs, max_depth, execs_per_sec
1629010399, 0, 0, 1, 1, 1, 0.01%, 0, 0, 1, 0.20
1629010404, 0, 0, 9, 9, 1, 0.02%, 0, 0, 2, 58.32
1629010409, 0, 0, 15, 15, 1, 0.02%, 0, 0, 2, 63.48
1629010414, 0, 0, 16, 16, 1, 0.02%, 0, 0, 2, 65.83
1629010419, 0, 0, 18, 18, 1, 0.02%, 0, 0, 2, 65.99
1629010424, 0, 0, 19, 19, 1, 0.02%, 0, 0, 2, 66.79
1629010429, 0, 0, 20, 20, 1, 0.02%, 0, 0, 2, 71.86
1629010440, 0, 0, 27, 27, 1, 0.02%, 0, 0, 2, 75.60
1629010465, 0, 0, 33, 33, 1, 0.02%, 0, 0, 2, 73.11
1629010486, 0, 0, 34, 34, 1, 0.02%, 0, 0, 2, 80.58
1629010491, 0, 0, 36, 36, 1, 0.02%, 0, 0, 2, 78.50
1629010496, 0, 0, 38, 38, 1, 0.02%, 0, 0, 2, 78.42
1629010501, 0, 0, 44, 44, 1, 0.02%, 0, 0, 2, 90.31
1629010506, 0, 0, 50, 50, 1, 0.02%, 0, 0, 2, 70.54
1629010512, 0, 0, 51, 51, 1, 0.02%, 0, 0, 2, 65.55
1629010517, 0, 0, 53, 53, 1, 0.02%, 0, 0, 2, 77.37
1629010522, 0, 0, 55, 55, 1, 0.02%, 0, 0, 2, 79.95
1629010537, 0, 0, 56, 56, 1, 0.02%, 0, 0, 2, 80.64
1629010543, 0, 0, 58, 58, 1, 0.02%, 0, 0, 2, 80.52
1629010553, 0, 0, 59, 59, 1, 0.02%, 0, 0, 2, 80.71
1629010574, 0, 0, 60, 60, 1, 0.02%, 0, 0, 2, 80.68
1629010605, 0, 0, 61, 61, 1, 0.02%, 0, 0, 2, 80.50
1629010620, 0, 0, 63, 63, 1, 0.02%, 0, 0, 2, 72.68
1629010636, 0, 0, 64, 64, 1, 0.02%, 0, 0, 2, 78.11
1629010646, 0, 0, 65, 65, 1, 0.02%, 0, 0, 2, 79.10
1629010708, 0, 0, 70, 70, 1, 0.02%, 0, 0, 2, 77.62
1629010811, 0, 0, 78, 78, 1, 0.02%, 0, 0, 2, 82.27
1629010816, 0, 0, 87, 87, 1, 0.02%, 0, 0, 2, 75.02
1629010821, 0, 0, 88, 88, 1, 0.02%, 0, 0, 2, 67.25
1629010847, 0, 0, 90, 90, 1, 0.02%, 0, 0, 2, 77.54
1629010852, 0, 0, 92, 92, 1, 0.02%, 0, 0, 2, 79.86
1629010862, 0, 0, 94, 94, 1, 0.02%, 0, 0, 2, 80.30
1629010867, 0, 0, 95, 95, 1, 0.02%, 0, 0, 2, 80.63
1629010898, 0, 0, 97, 97, 1, 0.02%, 0, 0, 2, 80.45
1629010914, 0, 0, 98, 98, 1, 0.02%, 0, 0, 2, 80.36
1629011032, 0, 0, 99, 99, 1, 0.02%, 0, 0, 2, 79.80
1629011048, 0, 0, 100, 100, 1, 0.02%, 0, 0, 2, 80.29
1629011301, 0, 0, 102, 102, 1, 0.02%, 0, 0, 2, 192.03
1629011326, 0, 0, 103, 103, 1, 0.02%, 0, 0, 2, 67.71
1629011331, 0, 0, 106, 106, 1, 0.02%, 0, 0, 2, 63.37
1629011336, 0, 0, 109, 109, 1, 0.02%, 0, 0, 2, 61.71
1629011341, 0, 0, 114, 114, 1, 0.02%, 0, 0, 2, 63.08
1629011346, 0, 0, 120, 120, 1, 0.02%, 0, 0, 2, 63.92
1629011351, 0, 0, 123, 123, 1, 0.02%, 0, 0, 2, 69.53
1629011357, 0, 0, 126, 126, 1, 0.02%, 0, 0, 2, 75.98
1629011362, 0, 0, 131, 131, 1, 0.03%, 0, 0, 2, 75.94
1629011367, 0, 0, 132, 132, 1, 0.03%, 0, 0, 2, 68.28
1629015050, 0, 0, 134, 134, 1, 0.03%, 0, 0, 2, 72.62
1629015055, 0, 0, 135, 135, 1, 0.03%, 0, 0, 2, 66.11
1629015090, 0, 0, 142, 142, 1, 0.03%, 0, 0, 2, 80.52
1629015096, 0, 0, 145, 145, 1, 0.03%, 0, 0, 2, 84.14
1629015101, 0, 0, 147, 147, 1, 0.03%, 0, 0, 2, 87.72
1629015106, 0, 0, 150, 150, 1, 0.03%, 0, 0, 2, 86.40
1629015111, 0, 0, 156, 156, 1, 0.03%, 0, 0, 2, 90.57
1629015116, 0, 0, 158, 158, 1, 0.03%, 0, 0, 2, 88.19
1629015121, 0, 0, 159, 159, 1, 0.03%, 0, 0, 2, 90.12
1629015137, 0, 0, 160, 160, 1, 0.03%, 0, 0, 2, 91.99
1629015147, 0, 0, 161, 161, 1, 0.03%, 0, 0, 2, 86.70
1629015178, 0, 0, 162, 162, 1, 0.03%, 0, 0, 2, 88.49
1629015183, 0, 0, 163, 163, 1, 0.03%, 0, 0, 2, 90.06
1629015188, 0, 0, 165, 165, 1, 0.03%, 0, 0, 2, 88.45
1629015193, 0, 0, 166, 166, 1, 0.03%, 0, 0, 2, 86.66
1629015214, 0, 0, 167, 167, 1, 0.03%, 0, 0, 2, 89.19
1629015224, 0, 0, 168, 168, 1, 0.03%, 0, 0, 2, 91.17
1629015229, 0, 0, 170, 170, 1, 0.03%, 0, 0, 2, 88.30
1629015240, 0, 0, 171, 171, 1, 0.03%, 0, 0, 2, 88.86
1629015245, 0, 0, 172, 172, 1, 0.03%, 0, 0, 2, 89.75
1629015250, 0, 0, 174, 174, 1, 0.03%, 0, 0, 2, 88.11
1629015270, 0, 0, 175, 175, 1, 0.03%, 0, 0, 2, 88.10
1629015276, 0, 0, 176, 176, 1, 0.03%, 0, 0, 2, 91.31
1629015281, 0, 0, 177, 177, 1, 0.03%, 0, 0, 2, 87.70
1629015286, 0, 0, 178, 178, 1, 0.03%, 0, 0, 2, 89.85
1629015306, 0, 0, 179, 179, 1, 0.03%, 0, 0, 2, 88.62
1629015312, 0, 0, 180, 180, 1, 0.03%, 0, 0, 2, 89.60
1629015332, 0, 0, 181, 181, 1, 0.03%, 0, 0, 2, 90.64
1629015353, 0, 0, 182, 182, 1, 0.03%, 0, 0, 2, 87.91
1629015358, 0, 0, 182, 182, 1, 0.03%, 1, 0, 2, 87.17
1629015384, 0, 0, 183, 183, 1, 0.03%, 1, 0, 2, 85.28
1629015476, 0, 0, 184, 184, 1, 0.03%, 1, 0, 2, 88.44
1629015543, 0, 0, 185, 185, 1, 0.03%, 1, 0, 2, 89.26
1629015697, 0, 0, 186, 186, 1, 0.03%, 1, 0, 2, 89.63
1629015702, 0, 0, 187, 187, 1, 0.03%, 1, 0, 2, 89.19
1629015826, 0, 0, 188, 188, 1, 0.03%, 1, 0, 2, 87.05
1629015831, 0, 0, 189, 189, 1, 0.03%, 1, 0, 2, 91.12
1629015862, 0, 0, 190, 190, 1, 0.03%, 1, 0, 2, 91.50
1629015903, 0, 0, 191, 191, 1, 0.03%, 1, 0, 2, 87.89
1629015908, 0, 0, 192, 192, 1, 0.03%, 1, 0, 2, 90.77
1629015949, 0, 0, 193, 193, 1, 0.03%, 1, 0, 2, 89.19
1629015970, 0, 0, 194, 194, 1, 0.03%, 1, 0, 2, 86.55
1629015990, 0, 4, 194, 193, 47, 0.03%, 1, 0, 2, 81.32
1629016291, 0, 7, 194, 192, 46, 0.03%, 1, 0, 2, 109.40
1629016327, 0, 7, 195, 193, 46, 0.03%, 1, 0, 3, 78.37
1629016584, 0, 7, 195, 193, 46, 0.03%, 2, 0, 3, 162.95
1629016589, 0, 8, 195, 192, 45, 0.03%, 2, 0, 3, 128.11
1629016666, 0, 8, 196, 193, 45, 0.03%, 2, 0, 3, 63.93
1629016686, 0, 8, 197, 194, 45, 0.03%, 2, 0, 3, 78.55
1629016875, 0, 22, 197, 193, 44, 0.03%, 2, 0, 3, 166.99
1629016886, 0, 22, 198, 194, 44, 0.03%, 2, 0, 3, 82.80
1629016901, 0, 22, 199, 195, 44, 0.03%, 2, 0, 3, 97.21
1629016906, 0, 22, 200, 196, 44, 0.03%, 2, 0, 3, 72.38
1629016968, 0, 22, 201, 197, 44, 0.03%, 2, 0, 3, 62.83
1629017183, 0, 31, 201, 196, 45, 0.03%, 2, 0, 3, 119.91
1629017188, 0, 31, 201, 196, 45, 0.03%, 3, 0, 3, 102.78
1629017193, 0, 31, 201, 196, 45, 0.03%, 6, 0, 3, 74.84
1629017219, 0, 31, 201, 196, 45, 0.03%, 9, 0, 3, 79.72
1629017485, 0, 42, 202, 196, 44, 0.03%, 9, 0, 3, 108.42
1629017786, 0, 43, 202, 195, 42, 0.03%, 9, 0, 3, 150.39
1629017883, 0, 43, 203, 196, 42, 0.03%, 9, 0, 3, 61.80
1629018094, 0, 47, 203, 195, 40, 0.03%, 9, 0, 3, 145.60
1629018165, 0, 47, 204, 196, 40, 0.03%, 9, 0, 3, 69.34
1629018181, 0, 47, 205, 197, 40, 0.03%, 9, 0, 3, 88.64
1629018191, 0, 47, 207, 199, 40, 0.03%, 9, 0, 3, 83.20
1629018329, 0, 47, 208, 200, 40, 0.03%, 9, 0, 3, 95.94
1629018345, 0, 48, 208, 199, 42, 0.03%, 9, 0, 3, 142.11
1629018350, 0, 48, 209, 200, 42, 0.03%, 9, 0, 3, 112.78
1629018355, 0, 48, 210, 201, 42, 0.03%, 9, 0, 3, 97.67
1629018375, 0, 48, 211, 202, 42, 0.03%, 9, 0, 3, 118.29
1629018411, 0, 48, 212, 203, 42, 0.03%, 9, 0, 3, 67.69
1629018442, 0, 48, 213, 204, 42, 0.03%, 9, 0, 3, 84.87
1629018586, 0, 48, 213, 204, 42, 0.03%, 10, 0, 3, 171.56
1629018591, 0, 48, 214, 205, 42, 0.03%, 10, 0, 3, 173.52
1629018607, 0, 51, 214, 204, 42, 0.03%, 10, 0, 3, 151.79
1629019333, 0, 51, 215, 205, 42, 0.03%, 10, 0, 3, 80.21
1629019730, 0, 51, 219, 209, 42, 0.03%, 10, 0, 3, 79.87
1629019735, 0, 51, 220, 210, 42, 0.03%, 10, 0, 3, 79.67
1629023304, 0, 52, 220, 209, 46, 0.03%, 10, 0, 3, 88.60
1629027976, 0, 52, 221, 210, 46, 0.03%, 10, 0, 3, 88.68
1629028027, 0, 54, 221, 209, 45, 0.03%, 10, 0, 3, 81.16
1629028206, 0, 54, 222, 210, 45, 0.03%, 10, 0, 3, 77.94
1629028685, 0, 57, 222, 209, 44, 0.03%, 10, 0, 3, 117.47
1629028823, 0, 57, 223, 210, 44, 0.03%, 10, 0, 3, 80.27
1629033351, 0, 57, 224, 211, 44, 0.03%, 10, 0, 3, 89.94
1629033387, 0, 60, 224, 210, 43, 0.03%, 10, 0, 3, 84.79
1629033624, 0, 60, 225, 211, 43, 0.03%, 10, 0, 3, 79.78
1629038239, 0, 60, 226, 212, 43, 0.03%, 10, 0, 3, 84.43
1629038259, 0, 60, 227, 213, 43, 0.03%, 10, 0, 3, 86.61
1629038316, 0, 60, 228, 214, 43, 0.03%, 10, 0, 3, 85.78
1629038352, 0, 60, 229, 215, 43, 0.03%, 10, 0, 3, 86.56
1629038429, 0, 60, 230, 216, 43, 0.03%, 10, 0, 3, 86.31
1629038445, 0, 60, 231, 217, 43, 0.03%, 10, 0, 3, 86.32
1629038450, 0, 60, 232, 218, 43, 0.03%, 10, 0, 3, 85.11
1629038640, 0, 60, 233, 219, 43, 0.03%, 10, 0, 3, 83.75
1629038671, 0, 60, 234, 220, 43, 0.03%, 10, 0, 3, 84.11
1629038682, 0, 60, 235, 221, 43, 0.03%, 10, 0, 3, 87.99
1629038738, 0, 60, 236, 222, 43, 0.03%, 10, 0, 3, 83.76
1629038805, 0, 60, 237, 223, 43, 0.03%, 10, 0, 3, 84.92
1629038996, 0, 60, 238, 224, 43, 0.03%, 10, 0, 3, 82.67
1629039145, 0, 63, 238, 223, 42, 0.03%, 10, 0, 3, 86.96
1629039357, 0, 64, 238, 222, 41, 0.03%, 10, 0, 3, 148.19
1629039541, 0, 70, 238, 221, 40, 0.03%, 10, 0, 3, 99.41
1629039746, 0, 70, 239, 222, 40, 0.03%, 10, 0, 3, 64.67
1629040295, 0, 75, 239, 221, 39, 0.03%, 10, 0, 3, 83.03
1629040423, 0, 75, 240, 222, 39, 0.03%, 10, 0, 3, 69.94
1629040428, 0, 75, 241, 223, 39, 0.03%, 10, 0, 3, 66.65
1629040541, 0, 75, 242, 224, 39, 0.03%, 10, 0, 3, 62.73
1629040642, 0, 75, 243, 225, 39, 0.03%, 10, 0, 3, 65.11
1629041422, 0, 83, 243, 224, 39, 0.03%, 10, 0, 3, 89.14
1629041504, 0, 83, 244, 225, 39, 0.03%, 10, 0, 3, 65.25
1629041519, 0, 83, 245, 226, 39, 0.03%, 10, 0, 3, 65.13
1629041708, 0, 90, 245, 225, 37, 0.03%, 10, 0, 3, 113.91
1629043037, 0, 90, 246, 226, 37, 0.03%, 10, 0, 3, 80.47
1629046342, 0, 91, 246, 225, 37, 0.03%, 10, 0, 3, 86.42
1629046887, 0, 91, 247, 226, 37, 0.03%, 10, 0, 3, 80.47
1629050883, 0, 91, 248, 227, 37, 0.03%, 10, 0, 3, 87.50
1629050925, 0, 91, 249, 228, 37, 0.03%, 10, 0, 3, 88.49
1629050992, 0, 93, 249, 227, 37, 0.03%, 10, 0, 3, 81.41
1629052128, 0, 93, 250, 228, 37, 0.03%, 10, 0, 3, 80.18
1629055623, 0, 100, 250, 227, 37, 0.03%, 10, 0, 3, 94.05
1629055993, 0, 101, 250, 226, 36, 0.03%, 10, 0, 3, 131.70
1629056442, 0, 101, 251, 227, 36, 0.03%, 10, 0, 3, 157.60
1629056468, 0, 106, 251, 226, 36, 0.03%, 10, 0, 3, 121.78
1629056893, 0, 106, 252, 227, 36, 0.03%, 10, 0, 3, 81.49
1629061312, 0, 106, 253, 228, 36, 0.03%, 10, 0, 3, 89.25
1629061364, 0, 107, 253, 227, 35, 0.03%, 10, 0, 3, 82.85
1629061400, 0, 107, 254, 228, 35, 0.03%, 10, 0, 3, 60.77
1629061446, 0, 107, 255, 229, 35, 0.03%, 10, 0, 3, 73.86
1629061497, 0, 107, 256, 230, 35, 0.03%, 10, 0, 3, 62.10
1629061649, 0, 107, 258, 232, 35, 0.03%, 10, 0, 3, 50.28
1629061665, 0, 107, 259, 233, 35, 0.03%, 10, 0, 3, 48.44
1629061670, 0, 107, 260, 234, 35, 0.03%, 10, 0, 3, 57.76
1629061685, 0, 107, 261, 235, 35, 0.03%, 10, 0, 3, 45.68
1629061977, 0, 128, 261, 234, 39, 0.03%, 10, 0, 3, 91.42
1629062008, 0, 128, 262, 235, 39, 0.03%, 10, 0, 3, 75.06
1629062084, 0, 128, 263, 236, 39, 0.03%, 10, 0, 3, 81.78
1629062135, 0, 128, 264, 237, 39, 0.03%, 10, 0, 3, 75.86
1629062155, 0, 128, 265, 238, 39, 0.03%, 10, 0, 3, 76.31
1629062990, 0, 128, 266, 239, 39, 0.03%, 10, 0, 3, 61.97
1629063206, 0, 128, 267, 240, 39, 0.03%, 10, 0, 3, 72.00
1629067191, 0, 128, 267, 240, 39, 0.03%, 11, 0, 3, 88.52
1629067197, 0, 128, 268, 241, 39, 0.03%, 11, 0, 3, 88.43
1629067207, 0, 128, 269, 242, 39, 0.03%, 11, 0, 3, 89.06
1629067346, 0, 130, 269, 241, 39, 0.03%, 11, 0, 3, 81.36
1629068355, 0, 130, 270, 242, 39, 0.04%, 11, 0, 3, 61.76
1629072604, 0, 130, 271, 243, 39, 0.04%, 11, 0, 3, 91.10
1629072614, 0, 130, 272, 244, 39, 0.04%, 11, 0, 3, 89.62
1629072640, 0, 130, 273, 245, 39, 0.04%, 11, 0, 3, 91.75
1629072706, 0, 130, 274, 246, 39, 0.04%, 11, 0, 3, 91.97
1629072958, 0, 130, 275, 247, 39, 0.04%, 11, 0, 3, 86.04
1629073000, 0, 130, 276, 248, 39, 0.04%, 11, 0, 3, 88.65
1629073128, 0, 130, 277, 249, 39, 0.04%, 11, 0, 3, 88.74
1629073257, 0, 145, 277, 248, 38, 0.04%, 11, 0, 3, 94.83
1629075138, 0, 155, 277, 247, 37, 0.04%, 11, 0, 3, 117.65
1629075815, 0, 157, 277, 246, 37, 0.04%, 11, 0, 3, 103.65
1629078656, 0, 174, 277, 245, 36, 0.04%, 11, 0, 3, 90.70
1629078661, 0, 174, 278, 246, 36, 0.04%, 11, 0, 3, 78.36
1629079622, 0, 174, 281, 249, 36, 0.04%, 11, 0, 3, 120.21
1629079662, 0, 174, 282, 250, 36, 0.04%, 11, 0, 3, 129.18
1629079688, 0, 174, 284, 252, 36, 0.04%, 11, 0, 3, 130.27
1629079770, 0, 174, 285, 253, 36, 0.04%, 11, 0, 3, 126.21
1629079857, 0, 174, 286, 254, 36, 0.04%, 11, 0, 3, 130.55
1629079898, 0, 174, 287, 255, 36, 0.04%, 11, 0, 3, 127.93
1629079938, 0, 174, 288, 256, 36, 0.04%, 11, 0, 3, 128.81
1629079949, 0, 174, 289, 257, 36, 0.04%, 11, 0, 3, 131.38
1629079964, 0, 174, 290, 258, 36, 0.04%, 11, 0, 3, 128.50
1629080133, 0, 174, 291, 259, 36, 0.04%, 11, 0, 3, 123.72
1629080229, 0, 178, 291, 258, 35, 0.04%, 11, 0, 3, 94.44
1629080403, 0, 178, 292, 259, 35, 0.04%, 11, 0, 3, 66.17
1629083595, 0, 178, 293, 260, 35, 0.04%, 11, 0, 3, 81.06
1629083651, 0, 179, 293, 259, 34, 0.04%, 11, 0, 3, 71.42
1629084428, 0, 194, 293, 258, 33, 0.04%, 11, 0, 3, 117.71
1629084700, 0, 195, 293, 257, 32, 0.04%, 11, 0, 3, 116.02
1629084962, 0, 195, 294, 258, 32, 0.04%, 11, 0, 4, 53.80
1629085196, 0, 197, 294, 257, 31, 0.04%, 11, 0, 4, 109.61
1629085478, 0, 199, 294, 256, 30, 0.04%, 11, 0, 4, 174.38
1629085765, 0, 202, 294, 255, 29, 0.04%, 11, 0, 4, 146.05
1629085827, 0, 202, 295, 256, 29, 0.04%, 11, 0, 4, 71.41
1629086210, 0, 204, 295, 255, 29, 0.04%, 11, 0, 4, 132.58
1629086692, 0, 206, 295, 254, 28, 0.04%, 11, 0, 4, 110.66
1629086698, 0, 206, 296, 255, 28, 0.04%, 11, 0, 4, 78.05
1629086703, 0, 206, 298, 257, 28, 0.04%, 11, 0, 4, 91.68
1629086733, 0, 206, 299, 258, 28, 0.04%, 11, 0, 4, 67.25
1629086856, 0, 206, 300, 259, 28, 0.04%, 11, 0, 4, 60.83
1629087134, 0, 212, 300, 258, 29, 0.04%, 11, 0, 4, 96.81
1629087422, 0, 212, 301, 259, 29, 0.04%, 11, 0, 4, 49.28
1629087635, 0, 212, 302, 260, 29, 0.04%, 11, 0, 4, 129.19
1629087656, 0, 215, 302, 259, 28, 0.04%, 11, 0, 4, 133.23
1629087686, 0, 215, 303, 260, 28, 0.04%, 11, 0, 4, 76.69
1629092469, 0, 215, 304, 261, 28, 0.04%, 11, 0, 4, 86.90
1629092520, 0, 216, 304, 260, 28, 0.04%, 11, 0, 4, 89.04
1629092526, 0, 216, 310, 266, 28, 0.04%, 11, 0, 4, 80.43
1629092531, 0, 216, 311, 267, 28, 0.04%, 11, 0, 4, 79.59
1629092992, 0, 216, 313, 269, 28, 0.04%, 11, 0, 4, 79.77
1629093837, 0, 216, 314, 270, 28, 0.04%, 11, 0, 4, 79.36
1629093842, 0, 216, 315, 271, 28, 0.04%, 11, 0, 4, 79.08
1629097432, 0, 216, 316, 272, 28, 0.04%, 11, 0, 4, 87.78
1629097458, 0, 216, 317, 273, 28, 0.04%, 11, 0, 4, 88.60
1629097504, 0, 216, 318, 274, 28, 0.04%, 11, 0, 4, 90.29
1629097597, 0, 216, 319, 275, 28, 0.04%, 11, 0, 4, 90.13
1629097756, 0, 216, 320, 276, 28, 0.04%, 11, 0, 4, 87.43
1629097803, 0, 216, 321, 277, 28, 0.04%, 11, 0, 4, 88.69
1629098086, 0, 216, 322, 278, 28, 0.04%, 11, 0, 4, 89.97
1629098327, 0, 217, 322, 277, 31, 0.04%, 11, 0, 4, 80.42
