# unix_time, cycles_done, cur_path, paths_total, pending_total, pending_favs, map_size, unique_crashes, unique_hangs, max_depth, execs_per_sec
1630579372, 0, 0, 1, 1, 1, 0.01%, 0, 0, 1, 0.20
1630579403, 0, 0, 2, 2, 1, 0.01%, 0, 0, 2, 3.56
1630579408, 0, 0, 3, 3, 1, 0.02%, 0, 0, 2, 3.58
1630579413, 0, 0, 4, 4, 1, 0.02%, 0, 0, 2, 3.58
1630579423, 0, 0, 5, 5, 1, 0.02%, 0, 0, 2, 3.79
1630579428, 0, 0, 6, 6, 1, 0.02%, 0, 0, 2, 4.12
1630579439, 0, 0, 7, 7, 1, 0.02%, 0, 0, 2, 4.39
1630579454, 0, 0, 8, 8, 1, 0.02%, 0, 0, 2, 5.95
1630579459, 0, 0, 10, 10, 1, 0.02%, 0, 0, 2, 7.51
1630579464, 0, 0, 12, 12, 1, 0.02%, 0, 0, 2, 8.60
1630579469, 0, 0, 14, 14, 1, 0.02%, 0, 0, 2, 9.18
1630579474, 0, 0, 15, 15, 1, 0.02%, 0, 0, 2, 9.62
1630579536, 0, 0, 16, 16, 1, 0.02%, 0, 0, 2, 11.80
1630579546, 0, 0, 17, 17, 1, 0.02%, 0, 0, 2, 11.47
1630579551, 0, 0, 18, 18, 1, 0.02%, 0, 0, 2, 11.50
1630579608, 0, 0, 19, 19, 1, 0.02%, 0, 0, 2, 11.30
1630579649, 0, 0, 20, 20, 1, 0.02%, 0, 0, 2, 11.58
1630579654, 0, 0, 22, 22, 1, 0.02%, 0, 0, 2, 10.49
1630579659, 0, 0, 24, 24, 1, 0.02%, 0, 0, 2, 11.09
1630579670, 0, 0, 25, 25, 1, 0.02%, 0, 0, 2, 11.30
1630579675, 0, 0, 26, 26, 1, 0.02%, 0, 0, 2, 12.35
1630579844, 0, 0, 27, 27, 1, 0.02%, 0, 0, 2, 10.47
1630579850, 0, 0, 28, 28, 1, 0.02%, 0, 0, 2, 12.08
1630579855, 0, 0, 29, 29, 1, 0.02%, 0, 0, 2, 10.83
1630579860, 0, 0, 30, 30, 1, 0.02%, 0, 0, 2, 10.62
1630579865, 0, 0, 32, 32, 1, 0.02%, 0, 0, 2, 11.30
1630579998, 0, 0, 33, 33, 1, 0.02%, 0, 0, 2, 11.82
1630580014, 0, 0, 34, 34, 1, 0.02%, 0, 0, 2, 11.53
1630580039, 0, 0, 35, 35, 1, 0.02%, 0, 0, 2, 11.59
1630580065, 0, 0, 36, 36, 1, 0.02%, 0, 0, 2, 11.39
1630580091, 0, 0, 38, 38, 1, 0.02%, 0, 0, 2, 10.93
1630580111, 0, 0, 39, 39, 1, 0.02%, 0, 0, 2, 11.48
1630580121, 0, 0, 41, 41, 1, 0.02%, 0, 0, 2, 10.11
1630580127, 0, 0, 45, 45, 1, 0.02%, 0, 0, 2, 10.20
1630580132, 0, 0, 46, 46, 1, 0.02%, 0, 0, 2, 10.86
1630580137, 0, 0, 48, 48, 1, 0.02%, 0, 0, 2, 12.36
1630580188, 0, 0, 49, 49, 1, 0.02%, 0, 0, 2, 12.07
1630580198, 0, 0, 50, 50, 1, 0.02%, 0, 0, 2, 12.49
1630580224, 0, 0, 51, 51, 1, 0.02%, 0, 0, 2, 11.63
1630580234, 0, 0, 52, 52, 1, 0.02%, 0, 0, 2, 12.16
1630580286, 0, 0, 53, 53, 1, 0.02%, 0, 0, 2, 12.23
1630580542, 0, 0, 54, 54, 1, 0.02%, 0, 0, 2, 11.71
1630580588, 0, 0, 55, 55, 1, 0.02%, 0, 0, 2, 11.66
1630580593, 0, 0, 56, 56, 1, 0.02%, 0, 0, 2, 11.32
1630580676, 0, 0, 57, 57, 1, 0.02%, 0, 0, 2, 11.68
1630580687, 0, 0, 58, 58, 1, 0.02%, 0, 0, 2, 11.21
1630581055, 0, 0, 59, 59, 1, 0.02%, 0, 0, 2, 11.78
1630581177, 0, 0, 60, 60, 1, 0.02%, 0, 0, 2, 11.36
1630581192, 0, 0, 61, 61, 1, 0.02%, 0, 0, 2, 10.38
1630581280, 0, 0, 62, 62, 1, 0.02%, 0, 0, 2, 11.14
1630581388, 0, 0, 63, 63, 1, 0.02%, 0, 0, 2, 11.78
1630581884, 0, 0, 65, 65, 1, 0.02%, 0, 0, 2, 11.23
1630581889, 0, 0, 67, 67, 1, 0.02%, 0, 0, 2, 12.57
1630581894, 0, 0, 68, 68, 1, 0.02%, 0, 0, 2, 13.11
1630582697, 0, 0, 69, 69, 1, 0.02%, 0, 0, 2, 11.64
1630582702, 0, 0, 70, 70, 1, 0.02%, 0, 0, 2, 11.66
1630582707, 0, 0, 74, 74, 1, 0.02%, 0, 0, 2, 11.74
1630582723, 0, 0, 75, 75, 1, 0.02%, 0, 0, 2, 11.41
1630582728, 0, 0, 77, 77, 1, 0.02%, 0, 0, 2, 12.36
1630582733, 0, 0, 78, 78, 1, 0.02%, 0, 0, 2, 14.05
1630582738, 0, 0, 79, 79, 1, 0.02%, 0, 0, 2, 13.23
1630582743, 0, 0, 80, 80, 1, 0.02%, 0, 0, 2, 12.70
1630582748, 0, 0, 81, 81, 1, 0.02%, 0, 0, 2, 11.91
1630582753, 0, 0, 82, 82, 1, 0.02%, 0, 0, 2, 11.72
1630582764, 0, 0, 83, 83, 1, 0.02%, 0, 0, 2, 11.93
1630582918, 0, 0, 84, 84, 1, 0.02%, 0, 0, 2, 12.80
1630582939, 0, 0, 85, 85, 1, 0.02%, 0, 0, 2, 12.90
1630582985, 0, 0, 86, 86, 1, 0.02%, 0, 0, 2, 12.86
1630583026, 0, 0, 88, 88, 1, 0.02%, 0, 0, 2, 12.92
1630583047, 0, 0, 89, 89, 1, 0.02%, 0, 0, 2, 13.15
1630583390, 0, 0, 90, 90, 1, 0.02%, 0, 0, 2, 12.77
1630584434, 0, 0, 91, 91, 1, 0.02%, 0, 0, 2, 12.71
1630584516, 0, 0, 92, 92, 1, 0.02%, 0, 0, 2, 13.09
1630585035, 0, 0, 93, 93, 1, 0.02%, 0, 0, 2, 12.73
1630586518, 0, 0, 94, 94, 1, 0.02%, 0, 0, 2, 13.16
1630586523, 0, 0, 95, 95, 1, 0.02%, 0, 0, 2, 118.18
1630586636, 0, 0, 96, 96, 1, 0.02%, 0, 0, 2, 11.48
1630586656, 0, 0, 97, 97, 1, 0.02%, 0, 0, 2, 11.24
1630586662, 0, 0, 98, 98, 1, 0.02%, 0, 0, 2, 11.36
1630586667, 0, 0, 99, 99, 1, 0.02%, 0, 0, 2, 11.37
1630586677, 0, 0, 100, 100, 1, 0.02%, 0, 0, 2, 11.86
1630586697, 0, 0, 101, 101, 1, 0.02%, 0, 0, 2, 10.78
1630586703, 0, 0, 102, 102, 1, 0.02%, 0, 0, 2, 10.93
1630586708, 0, 0, 103, 103, 1, 0.02%, 0, 0, 2, 11.51
1630586718, 0, 0, 104, 104, 1, 0.02%, 0, 0, 2, 12.22
1630586723, 0, 0, 105, 105, 1, 0.02%, 0, 0, 2, 11.80
1630586728, 0, 0, 106, 106, 1, 0.02%, 0, 0, 2, 11.23
1630586733, 0, 0, 107, 107, 1, 0.02%, 0, 0, 2, 11.06
1630586743, 0, 0, 108, 108, 1, 0.02%, 0, 0, 2, 11.37
1630586754, 0, 0, 111, 111, 1, 0.02%, 0, 0, 2, 11.59
1630586759, 0, 0, 113, 113, 1, 0.02%, 0, 0, 2, 12.52
1630586774, 0, 0, 114, 114, 1, 0.02%, 0, 0, 2, 11.38
1630586779, 0, 0, 115, 115, 1, 0.02%, 0, 0, 2, 11.27
1630586789, 0, 0, 116, 116, 1, 0.02%, 0, 0, 2, 11.44
1630586795, 0, 0, 117, 117, 1, 0.02%, 0, 0, 2, 11.43
1630586800, 0, 0, 119, 119, 1, 0.02%, 0, 0, 2, 12.46
1630586815, 0, 0, 120, 120, 1, 0.02%, 0, 0, 2, 14.13
1630586825, 0, 0, 121, 121, 1, 0.02%, 0, 0, 2, 13.73
1630586830, 0, 0, 122, 122, 1, 0.02%, 0, 0, 2, 14.12
1630586841, 0, 0, 123, 123, 1, 0.02%, 0, 0, 2, 13.21
1630586846, 0, 0, 124, 124, 1, 0.03%, 0, 0, 2, 12.87
1630586851, 0, 0, 125, 125, 1, 0.03%, 0, 0, 2, 12.80
1630586861, 0, 0, 127, 127, 1, 0.03%, 0, 0, 2, 13.09
1630586897, 0, 0, 128, 128, 1, 0.03%, 0, 0, 2, 12.60
1630611239, 0, 0, 129, 129, 1, 0.03%, 0, 0, 2, 11.74
1630611250, 0, 0, 130, 130, 1, 0.03%, 0, 0, 2, 11.37
1630611275, 0, 0, 131, 131, 1, 0.03%, 0, 0, 2, 11.18
1630611476, 0, 0, 135, 135, 1, 0.03%, 0, 0, 2, 13.60
1630611481, 0, 0, 136, 136, 1, 0.03%, 0, 0, 2, 11.94
1630611486, 0, 0, 137, 137, 1, 0.03%, 0, 0, 2, 13.90
1630611491, 0, 0, 138, 138, 1, 0.03%, 0, 0, 2, 14.12
1630611501, 0, 0, 139, 139, 1, 0.03%, 0, 0, 2, 15.18
1630611506, 0, 0, 140, 140, 1, 0.03%, 0, 0, 2, 15.77
1630611512, 0, 0, 142, 142, 1, 0.03%, 0, 0, 2, 14.26
1630611522, 0, 0, 143, 143, 1, 0.03%, 0, 0, 2, 15.49
1630611537, 0, 0, 144, 144, 1, 0.03%, 0, 0, 2, 14.78
1630611558, 0, 0, 145, 145, 1, 0.03%, 0, 0, 2, 14.87
1630611573, 0, 0, 146, 146, 1, 0.03%, 0, 0, 2, 15.51
1630611584, 0, 0, 147, 147, 1, 0.03%, 0, 0, 2, 14.30
1630611594, 0, 0, 149, 149, 1, 0.03%, 0, 0, 2, 14.08
1630611609, 0, 0, 150, 150, 1, 0.03%, 0, 0, 2, 13.97
1630611614, 0, 0, 151, 151, 1, 0.03%, 0, 0, 2, 14.30
1630611661, 0, 0, 152, 152, 1, 0.03%, 0, 0, 2, 14.37
1630611676, 0, 0, 153, 153, 1, 0.03%, 0, 0, 2, 14.33
1630611696, 0, 0, 154, 154, 1, 0.03%, 0, 0, 2, 13.67
1630611753, 0, 0, 155, 155, 1, 0.03%, 0, 0, 2, 15.45
1630611788, 0, 0, 156, 156, 1, 0.03%, 0, 0, 2, 14.20
1630611824, 0, 0, 157, 157, 1, 0.03%, 0, 0, 2, 14.74
1630611844, 0, 0, 158, 158, 1, 0.03%, 0, 0, 2, 14.70
1630611855, 0, 0, 159, 159, 1, 0.03%, 0, 0, 2, 14.54
1630611896, 0, 0, 160, 160, 1, 0.03%, 0, 0, 2, 14.61
1630611998, 0, 0, 161, 161, 1, 0.03%, 0, 0, 2, 14.63
1630612090, 0, 0, 162, 162, 1, 0.03%, 0, 0, 2, 15.04
1630612110, 0, 0, 163, 163, 1, 0.03%, 0, 0, 2, 15.28
1630612126, 0, 0, 164, 164, 1, 0.03%, 0, 0, 2, 13.70
1630612141, 0, 0, 165, 165, 1, 0.03%, 0, 0, 2, 15.02
1630612243, 0, 0, 166, 166, 1, 0.03%, 0, 0, 2, 12.74
1630612325, 0, 0, 167, 167, 1, 0.03%, 0, 0, 2, 14.45
1630612331, 0, 0, 168, 168, 1, 0.03%, 0, 0, 2, 14.64
1630612413, 0, 0, 169, 169, 1, 0.03%, 0, 0, 2, 15.03
1630612458, 0, 0, 170, 170, 1, 0.03%, 0, 0, 2, 14.58
1630612592, 0, 0, 171, 171, 1, 0.03%, 0, 0, 2, 14.62
1630612613, 0, 7, 171, 170, 44, 0.03%, 0, 0, 2, 11.47
1630614264, 0, 8, 171, 169, 43, 0.03%, 0, 0, 2, 22.89
1630614644, 0, 8, 172, 170, 43, 0.03%, 0, 0, 3, 11.15
1630614761, 0, 8, 173, 171, 43, 0.03%, 0, 0, 3, 12.00
1630615906, 0, 21, 173, 170, 42, 0.03%, 0, 0, 3, 19.69
1630615952, 0, 21, 174, 171, 42, 0.03%, 0, 0, 3, 11.62
1630616024, 0, 21, 175, 172, 42, 0.03%, 0, 0, 3, 10.69
1630616065, 0, 21, 176, 173, 42, 0.03%, 0, 0, 3, 11.11
1630616070, 0, 21, 177, 174, 42, 0.03%, 0, 0, 3, 11.39
1630616398, 0, 21, 178, 175, 42, 0.03%, 0, 0, 3, 10.60
1630616496, 0, 21, 179, 176, 42, 0.03%, 0, 0, 3, 10.65
1630617625, 0, 30, 179, 175, 43, 0.03%, 2, 0, 3, 20.49
1630617645, 0, 30, 179, 175, 43, 0.03%, 3, 0, 3, 10.49
1630617670, 0, 30, 179, 175, 43, 0.03%, 6, 0, 3, 12.45
1630617829, 0, 30, 180, 176, 43, 0.03%, 6, 0, 3, 9.67
1630617834, 0, 30, 180, 176, 43, 0.03%, 8, 0, 3, 11.74
1630619269, 0, 40, 180, 175, 42, 0.03%, 8, 0, 3, 34.01
1630619285, 0, 40, 181, 176, 42, 0.03%, 8, 0, 3, 12.10
1630620817, 0, 41, 181, 175, 42, 0.03%, 8, 0, 3, 22.81
1630621012, 0, 41, 182, 176, 42, 0.03%, 8, 0, 3, 11.46
1630621283, 0, 41, 183, 177, 42, 0.03%, 8, 0, 3, 11.66
1630622378, 0, 48, 183, 176, 40, 0.03%, 8, 0, 3, 28.72
1630623791, 0, 48, 184, 177, 40, 0.03%, 8, 0, 3, 12.63
1630623873, 0, 48, 185, 178, 40, 0.03%, 8, 0, 3, 12.03
1630623903, 0, 50, 185, 177, 36, 0.03%, 8, 0, 3, 24.78
1630624660, 0, 50, 186, 178, 36, 0.03%, 8, 0, 3, 11.93
1630629277, 0, 50, 187, 179, 36, 0.03%, 8, 0, 3, 13.12
1630632038, 0, 50, 188, 180, 36, 0.03%, 8, 0, 3, 13.86
1630654769, 0, 55, 188, 179, 35, 0.03%, 8, 0, 3, 13.06
1630656091, 0, 55, 189, 180, 35, 0.03%, 8, 0, 3, 12.85
1630661071, 0, 55, 190, 181, 35, 0.03%, 8, 0, 3, 12.19
